x 	 y 	 
-0.119075 	 -0.137436 	 
-0.191385 	 -0.259466 	 
-0.068719 	 -0.317362 	 
0.155576 	 -0.297269 	 
-0.171591 	 -0.212971 	 
-0.044158 	 -0.238208 	 
-0.054387 	 -0.427909 	 
0.083261 	 -0.635242 	 
0.078708 	 -0.637941 	 
-0.063777 	 -0.412177 	 
-0.016253 	 -0.507337 	 
-0.126684 	 -0.518614 	 
-0.207681 	 -0.279716 	 
-0.382721 	 -0.187054 	 
-0.455939 	 -0.274144 	 
-0.396968 	 -0.490346 	 
-0.390841 	 -0.593156 	 
-0.533969 	 -0.412598 	 
-0.494423 	 -0.463700 	 
-0.342828 	 -0.167030 	 
-0.335341 	 -0.047096 	 
-0.484443 	 -0.013603 	 
-0.502001 	 -0.145628 	 
-0.230142 	 -0.192422 	 
-0.331338 	 -0.620012 	 
-0.134307 	 -0.503802 	 
-0.206889 	 -0.620712 	 
-0.322616 	 -0.513913 	 
-0.455002 	 -0.570927 	 
-0.327086 	 -0.522522 	 
-0.360541 	 -0.626673 	 
-0.500620 	 -0.712792 	 
-0.517549 	 -0.711735 	 
-0.481421 	 -0.452863 	 
-0.536966 	 -0.773952 	 
-0.569055 	 -0.595331 	 
-0.663682 	 -0.612063 	 
-0.662512 	 -0.825044 	 
-0.515908 	 -0.728920 	 
-0.732423 	 -0.819140 	 
-0.673615 	 -0.671059 	 
-0.731761 	 -0.672352 	 
-0.802253 	 -0.565914 	 
-0.840335 	 -0.643647 	 
-0.735818 	 -0.709038 	 
-0.631973 	 -0.741624 	 
-0.952107 	 -0.621367 	 
-0.956771 	 -0.628119 	 
-1.169242 	 -0.758194 	 
-1.220790 	 -0.806345 	 
-1.353139 	 -0.624462 	 
-1.496344 	 -0.713172 	 
-1.467816 	 -0.888089 	 
-1.287150 	 -0.683071 	 
-1.159591 	 -0.672557 	 
-1.053364 	 -0.866129 	 
-0.778872 	 -0.640090 	 
-0.725525 	 -0.675630 	 
-0.709120 	 -0.616594 	 
-0.779767 	 -0.720205 	 
-0.640216 	 -0.784130 	 
-0.594376 	 -0.926070 	 
-0.847054 	 -0.882503 	 
-0.851721 	 -0.827679 	 
-0.664725 	 -0.987074 	 
-0.453541 	 -1.240580 	 
-0.513182 	 -1.393665 	 
-0.414385 	 -1.549272 	 
-0.260094 	 -1.432424 	 
-0.176168 	 -1.501075 	 
-0.235942 	 -1.406773 	 
-0.009556 	 -1.536600 	 
0.033252 	 -1.997997 	 
0.047633 	 -1.946396 	 
0.060011 	 -2.089659 	 
-0.107359 	 -1.966639 	 
0.085181 	 -1.881003 	 
-0.000272 	 -1.653374 	 
-0.208106 	 -1.957785 	 
-0.331109 	 -2.012443 	 
-0.178516 	 -2.044853 	 
-0.316054 	 -2.156736 	 
-0.294935 	 -1.924989 	 
-0.221362 	 -1.941681 	 
-0.152998 	 -2.038020 	 
-0.065135 	 -2.056585 	 
-0.162437 	 -2.229682 	 
-0.137304 	 -2.324247 	 
-0.123190 	 -2.103422 	 
-0.245528 	 -1.992599 	 
-0.221329 	 -2.134378 	 
-0.461566 	 -2.138807 	 
-0.569177 	 -2.200784 	 
-0.315100 	 -2.214706 	 
-0.617880 	 -2.449367 	 
-0.373910 	 -2.667173 	 
-0.541911 	 -2.789223 	 
-0.587441 	 -2.876708 	 
-0.651695 	 -2.926914 	 
-0.704235 	 -2.788504 	 
-0.614069 	 -2.596014 	 
-0.582780 	 -2.755990 	 
-0.645162 	 -2.665908 	 
-0.417567 	 -2.676511 	 
-0.514913 	 -2.456571 	 
-0.386645 	 -2.643973 	 
-0.284836 	 -2.422443 	 
-0.184166 	 -2.677821 	 
-0.214808 	 -2.997034 	 
-0.052648 	 -3.055682 	 
-0.059205 	 -3.323327 	 
-0.085861 	 -3.478458 	 
-0.104791 	 -3.488360 	 
-0.210533 	 -3.279579 	 
-0.169672 	 -3.364077 	 
-0.369266 	 -3.399648 	 
-0.159549 	 -3.427755 	 
-0.210473 	 -3.240092 	 
0.042664 	 -3.241926 	 
0.126217 	 -3.072095 	 
-0.146241 	 -2.976829 	 
-0.177067 	 -2.858182 	 
-0.252832 	 -2.843111 	 
-0.227676 	 -2.743451 	 
-0.299436 	 -2.399575 	 
-0.338725 	 -2.355858 	 
-0.375557 	 -2.168398 	 
-0.466127 	 -2.170269 	 
-0.648534 	 -2.062654 	 
-0.742629 	 -2.056597 	 
-0.676572 	 -2.223967 	 
-0.744332 	 -2.038658 	 
-0.681372 	 -2.063602 	 
-0.685875 	 -1.748924 	 
-0.676403 	 -1.770977 	 
-0.597881 	 -1.788473 	 
-0.818016 	 -1.742021 	 
-0.519237 	 -1.910958 	 
-0.648045 	 -1.872107 	 
-0.339728 	 -1.529870 	 
-0.327603 	 -1.354839 	 
-0.360677 	 -1.317957 	 
-0.485831 	 -1.530353 	 
-0.795298 	 -1.379582 	 
-0.810216 	 -1.494126 	 
-0.857854 	 -1.704801 	 
-0.952884 	 -1.582560 	 
-0.859517 	 -1.623773 	 
-1.043586 	 -1.489590 	 
-1.189049 	 -1.457431 	 
-1.192860 	 -1.381749 	 
-1.420384 	 -1.374298 	 
-1.505632 	 -1.150044 	 
-1.519691 	 -1.374310 	 
-1.736950 	 -1.404261 	 
-1.573094 	 -1.444924 	 
-1.794101 	 -1.746652 	 
-1.913555 	 -1.888340 	 
-1.782037 	 -2.075737 	 
-1.542206 	 -2.103626 	 
-1.413615 	 -1.912561 	 
-1.398544 	 -2.023761 	 
-1.604888 	 -1.929077 	 
-1.645941 	 -1.856435 	 
-1.851464 	 -1.745948 	 
-1.932400 	 -1.623688 	 
-2.064218 	 -1.482459 	 
-2.029647 	 -1.623826 	 
-2.239911 	 -1.791698 	 
-2.347702 	 -1.665098 	 
-2.578841 	 -1.757203 	 
-2.663058 	 -1.800034 	 
-2.540009 	 -1.658997 	 
-2.290464 	 -1.431658 	 
-2.176041 	 -1.526538 	 
-2.218134 	 -1.436618 	 
-2.307861 	 -1.436816 	 
-2.253852 	 -1.303751 	 
-2.412846 	 -1.303412 	 
-2.436570 	 -1.267657 	 
-2.512735 	 -1.122845 	 
-2.403314 	 -1.194445 	 
-2.235716 	 -1.246532 	 
-2.275960 	 -1.166052 	 
-2.411822 	 -1.088302 	 
-2.702514 	 -0.842870 	 
-2.796458 	 -0.875738 	 
-2.719185 	 -0.823012 	 
-2.861046 	 -0.835621 	 
-2.634888 	 -0.816392 	 
-2.623779 	 -1.034019 	 
-2.514213 	 -0.768587 	 
-2.648171 	 -0.593435 	 
-2.837340 	 -0.857741 	 
-2.774290 	 -0.553133 	 
-2.899413 	 -0.438229 	 
-2.751238 	 -0.634231 	 
-2.441764 	 -0.414957 	 
-2.380792 	 -0.536829 	 
-2.380127 	 -0.550280 	 
-2.446898 	 -0.335530 	 
-2.239277 	 -0.055407 	 
-2.221930 	 -0.116940 	 
-2.196566 	 -0.261078 	 
-2.205892 	 -0.412919 	 
-2.492559 	 -0.252634 	 
-2.311719 	 -0.109652 	 
-2.302069 	 -0.211927 	 
-2.432330 	 -0.291201 	 
-2.645530 	 -0.281158 	 
-2.624002 	 -0.283339 	 
-2.812217 	 -0.359661 	 
-2.849937 	 -0.332638 	 
-2.645921 	 -0.287041 	 
-2.645692 	 -0.273242 	 
-2.772531 	 -0.225585 	 
-3.029900 	 -0.378525 	 
-3.285060 	 -0.237332 	 
-3.087803 	 -0.154178 	 
-3.193242 	 -0.051021 	 
-3.286479 	 -0.095029 	 
-3.120969 	 0.248353 	 
-3.269821 	 0.264326 	 
-3.012261 	 0.254875 	 
-2.853926 	 0.378646 	 
-3.089716 	 0.246150 	 
-3.364839 	 0.179801 	 
-3.436182 	 0.231143 	 
-3.337261 	 0.038374 	 
-3.341720 	 0.025029 	 
-3.075069 	 0.141309 	 
-2.983468 	 0.237110 	 
-2.798167 	 0.310254 	 
-2.905670 	 0.150474 	 
-2.561763 	 -0.001195 	 
-2.730574 	 0.054008 	 
-2.727628 	 -0.075822 	 
-2.830798 	 0.230353 	 
-2.947922 	 0.364311 	 
-2.931844 	 0.162391 	 
-3.086498 	 0.084233 	 
-3.280524 	 0.154330 	 
-3.358476 	 0.155258 	 
-3.032975 	 0.092441 	 
-3.313325 	 0.037796 	 
-3.316909 	 -0.092957 	 
-3.217065 	 0.045753 	 
-2.898293 	 0.064613 	 
-3.135581 	 0.082436 	 
-3.304410 	 0.052260 	 
-3.093611 	 0.273884 	 
-3.306382 	 0.215705 	 
-3.374837 	 0.452856 	 
-3.215098 	 0.522070 	 
-3.239015 	 0.586555 	 
-3.265636 	 0.898505 	 
-3.018391 	 0.786250 	 
-2.989684 	 0.732153 	 
-2.863126 	 0.840505 	 
-2.942309 	 0.867208 	 
-2.931334 	 0.970787 	 
-2.875846 	 1.143221 	 
-2.880086 	 0.977125 	 
-2.815756 	 0.880477 	 
-2.864151 	 0.517857 	 
-2.600781 	 0.570818 	 
-2.589854 	 0.497335 	 
-2.680643 	 0.582220 	 
-2.947218 	 0.456947 	 
-2.825224 	 0.449149 	 
-2.741997 	 0.577399 	 
-2.765240 	 0.547557 	 
-2.839001 	 0.801636 	 
-2.957861 	 0.751793 	 
-3.038365 	 0.755996 	 
-3.253663 	 0.612497 	 
-3.251091 	 0.583437 	 
-3.371134 	 0.507041 	 
-3.459266 	 0.635553 	 
-3.450610 	 0.622058 	 
-3.489707 	 0.593888 	 
-3.716017 	 0.581217 	 
-3.801038 	 0.537536 	 
-3.949064 	 0.693235 	 
-3.877624 	 0.522866 	 
-3.827729 	 0.455227 	 
-3.855312 	 0.607331 	 
-3.815154 	 0.755343 	 
-3.792252 	 0.701770 	 
-3.826133 	 0.677610 	 
-3.607012 	 0.697852 	 
-3.761787 	 0.655658 	 
-3.723075 	 0.770760 	 
-3.577887 	 0.842983 	 
-3.593615 	 0.685918 	 
-3.524587 	 0.499179 	 
-3.356373 	 0.305748 	 
-3.254440 	 0.078588 	 
-3.359288 	 0.001440 	 
-3.400292 	 0.282540 	 
-3.261912 	 0.100888 	 
-3.369579 	 0.083535 	 
-3.280683 	 0.218642 	 
-3.103065 	 0.102444 	 
-2.922015 	 0.320719 	 
-2.904073 	 0.250111 	 
-2.936971 	 0.273588 	 
-3.072429 	 0.359575 	 
-2.904139 	 0.464654 	 
-2.981689 	 0.534829 	 
-2.918635 	 0.674791 	 
-2.873769 	 0.422780 	 
-2.773583 	 0.118706 	 
-2.867294 	 0.077305 	 
-2.929480 	 0.162261 	 
-2.974983 	 0.161436 	 
-2.987262 	 0.200038 	 
-3.007724 	 0.207592 	 
-3.099738 	 0.181260 	 
-3.174689 	 0.316137 	 
-3.177209 	 0.204019 	 
-3.052985 	 0.077901 	 
-2.762754 	 0.113635 	 
-2.786938 	 0.066724 	 
-2.572930 	 -0.131597 	 
-2.489313 	 0.060894 	 
-2.474852 	 0.080780 	 
-2.412684 	 0.104759 	 
-2.364531 	 0.504496 	 
-2.512411 	 0.552447 	 
-2.585419 	 0.611237 	 
-2.549820 	 0.783764 	 
-2.893743 	 0.864764 	 
-2.855076 	 1.098768 	 
-2.965043 	 1.289100 	 
-3.102160 	 1.321185 	 
-3.218111 	 1.112205 	 
-3.032028 	 1.204077 	 
-3.038245 	 1.133673 	 
-3.154198 	 1.269812 	 
-3.071905 	 1.307384 	 
-3.111740 	 1.243797 	 
-3.355149 	 1.051868 	 
-3.240307 	 0.861144 	 
-3.019911 	 0.810690 	 
-2.711157 	 0.817686 	 
-2.522395 	 0.820829 	 
-2.554932 	 0.996515 	 
-2.624226 	 0.962534 	 
-2.759184 	 0.754757 	 
-2.826402 	 0.973823 	 
-2.627028 	 0.953112 	 
-2.352901 	 0.903083 	 
-2.508706 	 0.883345 	 
-2.786904 	 0.873116 	 
-2.834748 	 1.006290 	 
-2.539598 	 0.798204 	 
-2.710516 	 0.794644 	 
-2.532009 	 1.102805 	 
-2.536245 	 1.066291 	 
-2.538013 	 0.920832 	 
-2.582661 	 1.410783 	 
-2.424280 	 1.411460 	 
-2.412553 	 1.273503 	 
-2.550575 	 1.086348 	 
-2.795002 	 1.208121 	 
-2.909374 	 1.283248 	 
-2.935227 	 1.400624 	 
-2.791429 	 1.511139 	 
-2.898041 	 1.593566 	 
-2.866215 	 1.499644 	 
-2.959841 	 1.619577 	 
-3.162037 	 1.589867 	 
-3.197589 	 1.734232 	 
-3.382039 	 1.631933 	 
-3.695680 	 1.688510 	 
-3.765022 	 1.616667 	 
-3.655797 	 1.562860 	 
-3.697356 	 1.425827 	 
-4.011322 	 1.206545 	 
-4.045312 	 0.995226 	 
-3.988023 	 1.335116 	 
-4.022198 	 1.801673 	 
-3.984672 	 1.676799 	 
-3.868918 	 1.757096 	 
-3.968516 	 1.648966 	 
-4.033014 	 1.625177 	 
-3.854316 	 1.263495 	 
-4.007889 	 1.359166 	 
-4.016067 	 1.380979 	 
-3.968284 	 1.316469 	 
-3.648859 	 1.218533 	 
-3.739140 	 1.125394 	 
-3.814827 	 1.306964 	 
-3.839857 	 1.200501 	 
-3.677773 	 1.274672 	 
-3.816232 	 1.314971 	 
-3.595863 	 1.251384 	 
-3.482457 	 1.091343 	 
-3.542915 	 1.030783 	 
-3.638218 	 1.054060 	 
-3.477448 	 1.192607 	 
-3.657994 	 1.000471 	 
-3.893965 	 0.881468 	 
-3.972853 	 1.007292 	 
-3.932233 	 0.640868 	 
-3.976049 	 0.830922 	 
-3.976799 	 0.668160 	 
-3.860859 	 0.564983 	 
-3.916526 	 0.906783 	 
-3.874454 	 0.991394 	 
-3.996621 	 1.125314 	 
-4.003769 	 1.359471 	 
-4.133175 	 1.241866 	 
-4.236130 	 1.173888 	 
-4.459925 	 1.432463 	 
-4.550449 	 1.313886 	 
-4.410770 	 1.496549 	 
-4.330985 	 1.581151 	 
-4.139147 	 1.598017 	 
-4.070904 	 1.473953 	 
-4.058915 	 1.540677 	 
-3.940244 	 1.588866 	 
-3.967652 	 1.662521 	 
-4.221334 	 1.861675 	 
-3.900416 	 2.045289 	 
-3.725521 	 1.927580 	 
-3.736550 	 2.045306 	 
-3.785641 	 2.226565 	 
-3.938806 	 2.444934 	 
-3.885247 	 2.224017 	 
-3.784605 	 2.132785 	 
-3.841695 	 2.150857 	 
-3.923698 	 2.124310 	 
-3.843661 	 1.710467 	 
-3.865714 	 1.792136 	 
-4.006357 	 1.928795 	 
-4.189274 	 1.800105 	 
-4.001212 	 1.634494 	 
-4.078233 	 1.765368 	 
-4.102705 	 1.768467 	 
-3.647395 	 1.646424 	 
-3.641258 	 1.807241 	 
-3.392220 	 1.851128 	 
-3.165966 	 1.678502 	 
-3.238744 	 1.578907 	 
-3.243069 	 1.671898 	 
-3.106099 	 1.518985 	 
-3.036319 	 1.597530 	 
-3.006035 	 1.525033 	 
-2.921351 	 1.499610 	 
-2.858977 	 1.418985 	 
-2.834368 	 1.401512 	 
-2.886458 	 1.500279 	 
-2.911100 	 1.617648 	 
-2.936327 	 1.711315 	 
-3.013972 	 1.575387 	 
-2.878968 	 1.599722 	 
-3.101007 	 1.828040 	 
-2.936406 	 1.977894 	 
-2.672863 	 1.855921 	 
-2.616600 	 1.727364 	 
-2.654703 	 1.914699 	 
-2.662508 	 1.907913 	 
-2.503911 	 1.869587 	 
-2.428060 	 1.761487 	 
-2.508405 	 1.845119 	 
-2.616639 	 1.928850 	 
-2.791209 	 1.684492 	 
-2.804563 	 1.674592 	 
-2.989347 	 1.508015 	 
-3.018139 	 1.465517 	 
-2.949231 	 1.551584 	 
-2.987741 	 1.614202 	 
-2.971649 	 1.620205 	 
-3.023033 	 1.801396 	 
-3.006743 	 1.829518 	 
-2.844953 	 2.208451 	 
-2.721595 	 2.403468 	 
-2.658448 	 2.477397 	 
-2.484246 	 2.620094 	 
-2.382622 	 2.725194 	 
-2.253389 	 2.751388 	 
-2.245658 	 2.805310 	 
-2.312166 	 2.739778 	 
-2.199735 	 2.751242 	 
-2.227293 	 2.603262 	 
-2.411870 	 2.511117 	 
-2.395846 	 2.491565 	 
-2.392662 	 2.462697 	 
-2.532391 	 2.473308 	 
-2.675679 	 2.661268 	 
-2.678906 	 2.583025 	 
-2.779071 	 2.581676 	 
-2.574084 	 2.475673 	 
-2.597216 	 2.365283 	 
-2.799584 	 2.103822 	 
-2.802409 	 2.004675 	 
-2.926785 	 2.054538 	 
-3.017335 	 2.132240 	 
-3.153501 	 2.125639 	 
-3.164861 	 2.242511 	 
-3.265754 	 2.073881 	 
-3.088530 	 2.082285 	 
-3.221486 	 2.248975 	 
-3.391238 	 2.500259 	 
-3.338195 	 2.370470 	 
-3.435829 	 2.375874 	 
-3.452438 	 2.433296 	 
-3.239097 	 2.659170 	 
-3.193360 	 2.455080 	 
-3.318299 	 2.090667 	 
-3.331372 	 2.175295 	 
-3.150205 	 2.177933 	 
-3.150184 	 2.284121 	 
-2.975047 	 2.126533 	 
-2.971455 	 2.107657 	 
-2.896741 	 2.017848 	 
-2.937051 	 2.105591 	 
-2.827019 	 1.808270 	 
-2.853903 	 1.808505 	 
-3.039770 	 1.642925 	 
-3.054417 	 1.752864 	 
-3.037745 	 1.774056 	 
-3.084658 	 1.663043 	 
-3.244461 	 1.600627 	 
-3.219251 	 1.594368 	 
-3.298221 	 1.769404 	 
-3.119162 	 1.834571 	 
-3.225379 	 1.835611 	 
-3.300203 	 1.905450 	 
-3.291251 	 1.694843 	 
-3.396263 	 1.529087 	 
-3.326669 	 1.488238 	 
-3.361873 	 1.761193 	 
-3.465876 	 1.823631 	 
-3.331546 	 2.076205 	 
-3.371119 	 2.048703 	 
-3.361036 	 2.342297 	 
-3.274396 	 2.496108 	 
-3.007760 	 2.330450 	 
-2.986868 	 2.351819 	 
-3.063053 	 2.427581 	 
-3.161650 	 2.274165 	 
-3.160926 	 2.415434 	 
-3.305962 	 2.355718 	 
-3.366623 	 2.349852 	 
-3.401238 	 2.465436 	 
-3.351759 	 2.483092 	 
-3.315331 	 2.510965 	 
-3.296804 	 2.753457 	 
-3.193001 	 2.917136 	 
-2.703124 	 2.565454 	 
-2.930854 	 2.477098 	 
-2.650617 	 2.648510 	 
-2.517211 	 2.489516 	 
-2.844578 	 2.556333 	 
-3.146557 	 2.313555 	 
-3.147624 	 2.635630 	 
-3.232545 	 2.685204 	 
-3.203273 	 2.830647 	 
-3.268913 	 2.778072 	 
-3.085412 	 2.804173 	 
-3.002004 	 2.728598 	 
-3.060953 	 2.453162 	 
-3.046921 	 2.480233 	 
-3.256981 	 2.680652 	 
-3.282355 	 2.723917 	 
-3.413703 	 2.710571 	 
-3.457411 	 2.584376 	 
-3.567227 	 2.731848 	 
-3.530691 	 2.813191 	 
-3.345883 	 2.908017 	 
-3.296877 	 2.862342 	 
-3.196010 	 2.976872 	 
-3.422022 	 3.032861 	 
-3.423488 	 3.185502 	 
-3.780532 	 3.223049 	 
-3.488566 	 3.266778 	 
-3.289082 	 3.132082 	 
-3.256255 	 3.339292 	 
-3.054608 	 3.467276 	 
-3.064790 	 3.513675 	 
-3.238208 	 3.548308 	 
-3.075874 	 3.322742 	 
-3.194123 	 3.191156 	 
-2.921030 	 3.238961 	 
-3.156948 	 3.552407 	 
-3.166009 	 3.470459 	 
-3.124287 	 3.575285 	 
-3.228278 	 3.578071 	 
-3.486902 	 3.410382 	 
-3.059780 	 3.562037 	 
-3.333727 	 3.519455 	 
-3.277749 	 3.607184 	 
-3.421995 	 3.738039 	 
-3.635330 	 3.615318 	 
-3.626799 	 3.719496 	 
-3.671295 	 3.485986 	 
-3.652858 	 3.326407 	 
-3.797303 	 3.383589 	 
-3.636319 	 3.262931 	 
-3.777821 	 3.396971 	 
-3.965193 	 3.613744 	 
-3.891467 	 3.372025 	 
-4.063212 	 3.211531 	 
-4.052335 	 3.336018 	 
-4.278417 	 3.506717 	 
-4.166993 	 3.461218 	 
-4.079241 	 3.484436 	 
-3.997774 	 3.269824 	 
-3.827833 	 3.328984 	 
-3.775044 	 3.195970 	 
-3.721631 	 3.183822 	 
-3.404139 	 3.081633 	 
-3.429199 	 3.241617 	 
-3.257096 	 3.411305 	 
-3.349097 	 3.385715 	 
-3.450397 	 3.173101 	 
-3.381474 	 3.241040 	 
-3.485841 	 3.179138 	 
-3.754945 	 3.050126 	 
-3.772709 	 2.946403 	 
-3.495342 	 2.837856 	 
-3.632781 	 2.757690 	 
-3.629778 	 2.815799 	 
-3.339309 	 2.542050 	 
-3.251516 	 2.462435 	 
-3.233931 	 2.432168 	 
-3.402443 	 2.571866 	 
-3.259717 	 2.573360 	 
-3.274958 	 2.485174 	 
-2.886036 	 2.454454 	 
-2.985796 	 2.427465 	 
-3.143417 	 2.283616 	 
-3.407771 	 2.159425 	 
-3.409961 	 2.022101 	 
-3.349775 	 1.876122 	 
-3.387744 	 1.767566 	 
-3.423666 	 1.532691 	 
-3.531063 	 1.635873 	 
-3.490106 	 1.496981 	 
-3.556670 	 1.540335 	 
-3.312000 	 1.453836 	 
-3.170231 	 1.411772 	 
-3.406721 	 1.705702 	 
-3.558947 	 1.745679 	 
-3.895935 	 1.756926 	 
-3.990300 	 1.771525 	 
-4.125575 	 1.706540 	 
-3.988462 	 1.862582 	 
-3.985800 	 1.769538 	 
-3.899583 	 1.880547 	 
-3.647530 	 1.911185 	 
-3.722665 	 1.841562 	 
-3.713388 	 1.934347 	 
-3.580482 	 1.945275 	 
-3.427662 	 1.978036 	 
-3.559019 	 1.889923 	 
-3.351340 	 2.027908 	 
-3.220013 	 2.092227 	 
-3.174233 	 2.279833 	 
-3.296776 	 2.540543 	 
-3.482376 	 2.848728 	 
-3.733338 	 2.775788 	 
-3.692812 	 2.760182 	 
-3.721605 	 2.700652 	 
-3.833862 	 2.561969 	 
-3.863752 	 2.603479 	 
-3.636064 	 2.629068 	 
-3.951205 	 2.703459 	 
-3.947645 	 2.582663 	 
-4.002482 	 2.522576 	 
-3.719326 	 2.726413 	 
-3.711799 	 2.833824 	 
-3.801788 	 2.793963 	 
-3.780106 	 2.747472 	 
-3.896547 	 2.613576 	 
-3.787066 	 2.790061 	 
-3.840125 	 2.761752 	 
-3.696807 	 2.723159 	 
-3.585330 	 2.567070 	 
-3.958861 	 2.706619 	 
-4.001046 	 2.793173 	 
-3.995853 	 2.727215 	 
-3.977109 	 2.747637 	 
-4.200612 	 2.678874 	 
-4.438385 	 2.577006 	 
-4.422693 	 2.799437 	 
-4.248796 	 2.901195 	 
-4.450736 	 2.890171 	 
-4.481513 	 2.781021 	 
-4.560962 	 2.959803 	 
-4.520572 	 3.251184 	 
-4.767419 	 3.101610 	 
-4.615171 	 3.108439 	 
-4.538497 	 3.358285 	 
-4.518842 	 3.316167 	 
-4.398131 	 3.552765 	 
-4.448960 	 3.740585 	 
-4.604996 	 3.880326 	 
-4.544655 	 3.902542 	 
-4.472978 	 3.830055 	 
-4.480157 	 3.955084 	 
-4.446408 	 3.850287 	 
-4.402084 	 3.863131 	 
-4.459666 	 3.727919 	 
-4.474331 	 3.619689 	 
-4.592840 	 3.494096 	 
-4.574546 	 3.482392 	 
-4.406794 	 3.409666 	 
-4.326592 	 3.404736 	 
-4.248842 	 3.559820 	 
-4.182859 	 3.615681 	 
-3.993634 	 3.638209 	 
-3.856284 	 3.520092 	 
-4.147267 	 3.647111 	 
-4.089317 	 3.683082 	 
-4.013120 	 3.707245 	 
-4.049800 	 3.938267 	 
-3.930460 	 4.171814 	 
-4.016389 	 4.121335 	 
-4.274523 	 4.365770 	 
-4.228115 	 4.339803 	 
-4.067853 	 4.355275 	 
-3.922403 	 4.314620 	 
-4.083839 	 4.508713 	 
-4.153724 	 4.473791 	 
-4.251175 	 4.463943 	 
-4.322953 	 4.442840 	 
-4.336459 	 4.751072 	 
-4.304400 	 4.500399 	 
-4.124063 	 4.499580 	 
-4.316929 	 4.274564 	 
-4.348910 	 4.061070 	 
-4.422998 	 4.208176 	 
-4.625593 	 4.191055 	 
-4.579789 	 4.087736 	 
-4.788314 	 3.957621 	 
-4.656061 	 3.930955 	 
-4.373361 	 3.873059 	 
-4.447712 	 3.924357 	 
-4.241287 	 3.923920 	 
-4.334033 	 3.892117 	 
-4.182738 	 4.111032 	 
-4.282397 	 4.188538 	 
-3.904934 	 4.310612 	 
-3.894300 	 4.310981 	 
-3.921069 	 4.227709 	 
-3.793393 	 4.207456 	 
-3.778805 	 3.963763 	 
-3.810322 	 3.735435 	 
-3.930672 	 3.576486 	 
-4.119824 	 3.507393 	 
-4.090297 	 3.436381 	 
-4.166610 	 3.399966 	 
-4.200527 	 3.471708 	 
-4.166487 	 3.478750 	 
-4.263149 	 3.500335 	 
-4.183109 	 3.464802 	 
-4.309044 	 3.353087 	 
-4.318899 	 3.281993 	 
-4.329663 	 3.099701 	 
-4.515923 	 3.120507 	 
-4.689556 	 3.114660 	 
-4.591067 	 3.212537 	 
-4.817606 	 3.250182 	 
-4.791855 	 3.254402 	 
-4.912312 	 3.517819 	 
-4.906082 	 3.486965 	 
-4.958775 	 3.515242 	 
-4.748400 	 3.577633 	 
-4.714603 	 3.705025 	 
-4.691621 	 3.826669 	 
-4.718272 	 3.657172 	 
-4.696277 	 3.625665 	 
-4.748007 	 3.506657 	 
-4.734332 	 3.481407 	 
-4.759837 	 3.410672 	 
-4.952064 	 3.607922 	 
-4.907563 	 3.643305 	 
-5.011064 	 3.750869 	 
-4.984181 	 3.754778 	 
-5.073243 	 3.886114 	 
-4.977802 	 3.620883 	 
-5.096483 	 3.731502 	 
-5.030060 	 3.782282 	 
-4.954720 	 3.757217 	 
-4.986517 	 3.691275 	 
-4.866681 	 3.655908 	 
-5.142474 	 3.815595 	 
-5.216148 	 3.921229 	 
-5.184397 	 3.871483 	 
-4.890913 	 3.782202 	 
-4.500390 	 3.926386 	 
-4.481719 	 3.868501 	 
-4.577626 	 3.908875 	 
-4.502382 	 4.117898 	 
-4.318873 	 3.997476 	 
-4.213722 	 3.805507 	 
-4.239120 	 3.788378 	 
-4.301563 	 3.836842 	 
-4.182905 	 3.732036 	 
-4.277833 	 3.665197 	 
-4.197769 	 3.613762 	 
-4.234376 	 3.635720 	 
-4.131614 	 3.741805 	 
-4.083822 	 3.709027 	 
-4.143731 	 3.566867 	 
-4.268882 	 3.632142 	 
-4.167749 	 3.620444 	 
-4.271830 	 3.734401 	 
-4.015043 	 3.806392 	 
-3.968750 	 3.923770 	 
-3.998221 	 3.985085 	 
-3.880350 	 4.281870 	 
-4.017901 	 4.382516 	 
-4.012179 	 4.187101 	 
-4.094300 	 4.139314 	 
-4.293704 	 4.244312 	 
-4.341660 	 4.306352 	 
-4.309560 	 4.319512 	 
-4.337789 	 4.404256 	 
-4.320048 	 4.471829 	 
-4.611543 	 4.603899 	 
-4.695936 	 4.616610 	 
-4.563380 	 4.723235 	 
-4.622755 	 4.410620 	 
-4.524195 	 4.220558 	 
-4.476524 	 4.166229 	 
-4.716534 	 4.080253 	 
-4.825253 	 3.999805 	 
-4.986638 	 4.082133 	 
-4.795959 	 4.225903 	 
-4.768090 	 4.156018 	 
-4.553217 	 4.122091 	 
-4.332057 	 3.981195 	 
-4.238116 	 3.979116 	 
-4.008033 	 3.795675 	 
-4.084024 	 3.656103 	 
-4.079226 	 3.531085 	 
-4.170783 	 3.848961 	 
-4.120927 	 3.802107 	 
-4.337427 	 3.593687 	 
-4.259076 	 3.582444 	 
-4.358897 	 3.571826 	 
-4.588501 	 3.614397 	 
-4.663968 	 3.410113 	 
-4.617071 	 3.491418 	 
-4.381985 	 3.499222 	 
-4.352401 	 3.763695 	 
-4.750999 	 3.666951 	 
-4.650817 	 3.631810 	 
-4.774491 	 3.466958 	 
-4.745580 	 3.411687 	 
-4.610112 	 3.301128 	 
-4.435286 	 3.386474 	 
-4.515936 	 3.468476 	 
-4.199677 	 3.284265 	 
-4.361505 	 3.264356 	 
-4.227532 	 3.219202 	 
-4.057930 	 3.305453 	 
-4.235387 	 3.391945 	 
-4.149713 	 3.189567 	 
-4.236113 	 3.046549 	 
-4.402725 	 3.253772 	 
-4.391870 	 3.380179 	 
-4.403715 	 3.286878 	 
-4.323085 	 3.143221 	 
-4.265111 	 3.148190 	 
-4.228708 	 3.001942 	 
-4.245163 	 3.256413 	 
-4.204218 	 3.619475 	 
-4.028945 	 3.423163 	 
-3.791051 	 3.396474 	 
-3.701095 	 3.535270 	 
-3.906671 	 3.602032 	 
-4.167235 	 3.263832 	 
-4.139449 	 3.236787 	 
-4.051815 	 3.097379 	 
-3.899502 	 3.153434 	 
-3.906008 	 3.152831 	 
-3.535511 	 3.110370 	 
-3.474975 	 3.036831 	 
-3.383220 	 3.285908 	 
-3.233069 	 3.356779 	 
-3.313049 	 3.442178 	 
-3.426560 	 3.407938 	 
-3.711956 	 3.477586 	 
-3.785146 	 3.371260 	 
-3.740881 	 3.451464 	 
-3.881705 	 3.322452 	 
-3.820502 	 3.265201 	 
-4.010347 	 3.143896 	 
-3.984096 	 3.202032 	 
-4.030059 	 3.120508 	 
-4.000496 	 3.136853 	 
-4.055394 	 2.943672 	 
-3.762656 	 2.877091 	 
-3.612516 	 3.031230 	 
-3.714854 	 3.202922 	 
-3.627223 	 3.153251 	 
-3.620283 	 3.108867 	 
-3.684096 	 3.212058 	 
-3.673508 	 3.117923 	 
-3.498610 	 3.474685 	 
-3.556523 	 3.123692 	 
-3.654482 	 3.320932 	 
-3.774933 	 3.418272 	 
-3.737990 	 3.363145 	 
-3.812829 	 3.434012 	 
-3.942986 	 3.417375 	 
-3.811910 	 3.419159 	 
-3.971679 	 3.434002 	 
-3.925727 	 3.478859 	 
-3.775421 	 3.567155 	 
-3.539786 	 3.318726 	 
-3.560568 	 3.296680 	 
-3.878353 	 3.316386 	 
-3.907773 	 3.466606 	 
-3.940440 	 3.440708 	 
-4.008969 	 3.286255 	 
-4.202021 	 3.098149 	 
-4.246596 	 2.990127 	 
-4.179168 	 3.040006 	 
-4.114657 	 2.980338 	 
-4.354695 	 3.118562 	 
-4.065813 	 3.095609 	 
-3.991513 	 3.142929 	 
-3.929651 	 2.747664 	 
-4.107864 	 2.727830 	 
-4.137652 	 2.740381 	 
-4.040232 	 3.111489 	 
-4.028134 	 3.052089 	 
-4.116641 	 2.969951 	 
-4.220105 	 3.064995 	 
-3.924792 	 2.902360 	 
-3.861160 	 2.905731 	 
-3.851434 	 2.805360 	 
-3.509975 	 2.874631 	 
-3.640453 	 3.067099 	 
-3.588302 	 3.384280 	 
-3.407340 	 3.258922 	 
-3.432521 	 3.282715 	 
-3.393939 	 3.187730 	 
-3.515743 	 3.056305 	 
-3.482866 	 3.160059 	 
-3.616432 	 2.926321 	 
-3.582942 	 3.056361 	 
-3.733926 	 2.963472 	 
-3.665486 	 2.944658 	 
-3.287722 	 2.948321 	 
-3.253287 	 2.872823 	 
-2.992880 	 2.953124 	 
-2.581573 	 3.130900 	 
-2.787147 	 2.990981 	 
-3.167200 	 2.822103 	 
-3.018913 	 2.830671 	 
-3.121494 	 3.056679 	 
-3.135943 	 3.019663 	 
-3.015724 	 3.054881 	 
-3.148054 	 3.124820 	 
-3.253486 	 3.069412 	 
-3.161798 	 3.132923 	 
-3.145100 	 3.351305 	 
-3.050984 	 3.486575 	 
-3.181897 	 3.499113 	 
-3.149565 	 3.497347 	 
-3.098173 	 3.522435 	 
-3.193196 	 3.529189 	 
-3.277934 	 3.504541 	 
-3.243912 	 3.119645 	 
-3.104100 	 2.975052 	 
-3.188161 	 3.024993 	 
-3.344987 	 2.728363 	 
-3.210823 	 2.866729 	 
-3.127507 	 2.971316 	 
-3.073158 	 3.092743 	 
-3.009067 	 2.938250 	 
-3.019680 	 3.046151 	 
-2.824831 	 3.284500 	 
-3.013530 	 3.517245 	 
-3.141886 	 3.336882 	 
-2.966039 	 3.324117 	 
-3.069849 	 3.070407 	 
-3.076755 	 3.026937 	 
-3.384146 	 2.886823 	 
-3.414483 	 2.885704 	 
-3.388466 	 3.023837 	 
-3.351120 	 2.746059 	 
-3.325794 	 2.663777 	 
-3.260324 	 2.591788 	 
-3.341973 	 2.694600 	 
-3.235462 	 2.637133 	 
-3.020811 	 2.659109 	 
-2.715225 	 2.792601 	 
-2.469173 	 2.828864 	 
-2.617792 	 2.677076 	 
-2.457317 	 2.535502 	 
-2.468126 	 2.456049 	 
-2.262254 	 2.336498 	 
