Ez 	 x 
0.000000 	 0.000000 
278960.930825 	 1.000000 
-172407.423811 	 2.000000 
106553.512330 	 3.000000 
-65853.879086 	 4.000000 
40699.693808 	 5.000000 
-25154.094534 	 6.000000 
15545.722895 	 7.000000 
-9608.212083 	 8.000000 
5937.709337 	 9.000000 
-3670.262675 	 10.000000 
2267.729961 	 11.000000 
-1402.205795 	 12.000000 
865.893476 	 13.000000 
-535.903681 	 14.000000 
330.432807 	 15.000000 
-205.000234 	 16.000000 
125.922568 	 17.000000 
-78.577695 	 18.000000 
47.844858 	 19.000000 
-30.242795 	 20.000000 
18.072799 	 21.000000 
-11.726806 	 22.000000 
6.754944 	 23.000000 
-4.602014 	 24.000000 
2.480758 	 25.000000 
-1.836457 	 26.000000 
0.886795 	 27.000000 
-0.747297 	 28.000000 
0.305013 	 29.000000 
-0.309602 	 30.000000 
0.099656 	 31.000000 
-0.129673 	 32.000000 
0.030568 	 33.000000 
-0.054290 	 34.000000 
0.008768 	 35.000000 
-0.022436 	 36.000000 
0.002410 	 37.000000 
-0.009052 	 38.000000 
0.000700 	 39.000000 
-0.003538 	 40.000000 
0.000255 	 41.000000 
-0.001335 	 42.000000 
0.000122 	 43.000000 
-0.000486 	 44.000000 
0.000068 	 45.000000 
-0.000167 	 46.000000 
0.000044 	 47.000000 
-0.000044 	 48.000000 
0.000044 	 49.000000 
-0.000044 	 50.000000 
0.000044 	 51.000000 
-0.000044 	 52.000000 
0.000044 	 53.000000 
-0.000044 	 54.000000 
0.000044 	 55.000000 
-0.000044 	 56.000000 
0.000044 	 57.000000 
-0.000044 	 58.000000 
0.000044 	 59.000000 
-0.000044 	 60.000000 
0.000044 	 61.000000 
-0.000044 	 62.000000 
0.000044 	 63.000000 
-0.000044 	 64.000000 
0.000044 	 65.000000 
-0.000044 	 66.000000 
0.000044 	 67.000000 
-0.000044 	 68.000000 
0.000044 	 69.000000 
-0.000044 	 70.000000 
0.000044 	 71.000000 
-0.000044 	 72.000000 
0.000044 	 73.000000 
-0.000044 	 74.000000 
0.000044 	 75.000000 
-0.000044 	 76.000000 
0.000044 	 77.000000 
-0.000043 	 78.000000 
0.000044 	 79.000000 
-0.000042 	 80.000000 
0.000047 	 81.000000 
-0.000037 	 82.000000 
0.000056 	 83.000000 
-0.000020 	 84.000000 
0.000087 	 85.000000 
0.000036 	 86.000000 
0.000187 	 87.000000 
0.000207 	 88.000000 
0.000475 	 89.000000 
0.000684 	 90.000000 
0.001246 	 91.000000 
0.001905 	 92.000000 
0.003137 	 93.000000 
0.004770 	 94.000000 
0.007385 	 95.000000 
0.010930 	 96.000000 
0.016121 	 97.000000 
0.023043 	 98.000000 
0.032534 	 99.000000 
0.044771 	 100.000000 
0.060628 	 101.000000 
0.080230 	 102.000000 
0.104289 	 103.000000 
0.132638 	 104.000000 
0.165559 	 105.000000 
0.202321 	 106.000000 
0.242537 	 107.000000 
0.284755 	 108.000000 
0.327871 	 109.000000 
0.369805 	 110.000000 
0.408996 	 111.000000 
0.443148 	 112.000000 
0.470783 	 113.000000 
0.490006 	 114.000000 
0.500044 	 115.000000 
0.499956 	 116.000000 
0.490093 	 117.000000 
0.470696 	 118.000000 
0.443235 	 119.000000 
0.408909 	 120.000000 
0.369892 	 121.000000 
0.327784 	 122.000000 
0.284842 	 123.000000 
0.242450 	 124.000000 
0.202408 	 125.000000 
0.165472 	 126.000000 
0.132726 	 127.000000 
0.104202 	 128.000000 
0.080318 	 129.000000 
0.060541 	 130.000000 
0.044858 	 131.000000 
0.032446 	 132.000000 
0.023130 	 133.000000 
0.016034 	 134.000000 
0.011018 	 135.000000 
0.007298 	 136.000000 
0.004857 	 137.000000 
0.003050 	 138.000000 
0.001992 	 139.000000 
0.001159 	 140.000000 
0.000771 	 141.000000 
0.000388 	 142.000000 
0.000294 	 143.000000 
0.000099 	 144.000000 
0.000123 	 145.000000 
0.000000 	 146.000000 
0.000000 	 147.000000 
0.000000 	 148.000000 
0.000000 	 149.000000 
0.000000 	 150.000000 
0.000000 	 151.000000 
0.000000 	 152.000000 
0.000000 	 153.000000 
0.000000 	 154.000000 
0.000000 	 155.000000 
0.000000 	 156.000000 
0.000000 	 157.000000 
0.000000 	 158.000000 
0.000000 	 159.000000 
0.000000 	 160.000000 
0.000000 	 161.000000 
0.000000 	 162.000000 
0.000000 	 163.000000 
0.000000 	 164.000000 
0.000000 	 165.000000 
0.000000 	 166.000000 
0.000000 	 167.000000 
0.000000 	 168.000000 
0.000000 	 169.000000 
0.000000 	 170.000000 
0.000000 	 171.000000 
0.000000 	 172.000000 
0.000000 	 173.000000 
0.000000 	 174.000000 
0.000000 	 175.000000 
0.000000 	 176.000000 
0.000000 	 177.000000 
0.000000 	 178.000000 
0.000000 	 179.000000 
0.000000 	 180.000000 
0.000000 	 181.000000 
0.000000 	 182.000000 
0.000000 	 183.000000 
0.000000 	 184.000000 
0.000000 	 185.000000 
0.000000 	 186.000000 
0.000000 	 187.000000 
0.000000 	 188.000000 
0.000000 	 189.000000 
0.000000 	 190.000000 
0.000000 	 191.000000 
0.000000 	 192.000000 
0.000000 	 193.000000 
0.000000 	 194.000000 
0.000000 	 195.000000 
0.000000 	 196.000000 
0.000000 	 197.000000 
0.000000 	 198.000000 
0.000000 	 199.000000 
