Ez 	 x 
0.000000 	 0.000000 
118762206209901789184.000000 	 1.000000 
-73399080016643137536.000000 	 2.000000 
45363126193258651648.000000 	 3.000000 
-28035953823384477696.000000 	 4.000000 
17327172369874173952.000000 	 5.000000 
-10708781453510303744.000000 	 6.000000 
6618390916363869184.000000 	 7.000000 
-4090390537146434560.000000 	 8.000000 
2528000379217435648.000000 	 9.000000 
-1562390157928998656.000000 	 10.000000 
965610221288436992.000000 	 11.000000 
-596779936640561408.000000 	 12.000000 
368830284647875712.000000 	 13.000000 
-227949651992685696.000000 	 14.000000 
140880632655189968.000000 	 15.000000 
-87069019337495728.000000 	 16.000000 
53811613317694224.000000 	 17.000000 
-33257406019801520.000000 	 18.000000 
20554207297892696.000000 	 19.000000 
-12703198721908824.000000 	 20.000000 
7851008575983876.000000 	 21.000000 
-4852190145924948.000000 	 22.000000 
2998818430058929.000000 	 23.000000 
-1853371715866017.750000 	 24.000000 
1145446714192911.750000 	 25.000000 
-707925001673106.000000 	 26.000000 
437521712519805.687500 	 27.000000 
-270403289153300.312500 	 28.000000 
167118423366505.375000 	 29.000000 
-103284865786794.953125 	 30.000000 
63833557579710.421875 	 31.000000 
-39451308207084.531250 	 32.000000 
24382249372625.914062 	 33.000000 
-15069058834458.615234 	 34.000000 
9313190538167.298828 	 35.000000 
-5755868296291.316406 	 36.000000 
3557322241875.984375 	 37.000000 
-2198546054415.333008 	 38.000000 
1358776187460.651367 	 39.000000 
-839769866954.681396 	 40.000000 
519006320505.970276 	 41.000000 
-320763546448.711121 	 42.000000 
198242774057.259094 	 43.000000 
-122520772391.452011 	 44.000000 
75722001665.807083 	 45.000000 
-46798770725.644928 	 46.000000 
28923230940.162140 	 47.000000 
-17875539785.482788 	 48.000000 
11047691154.679350 	 49.000000 
-6827848630.803434 	 50.000000 
4219842523.875917 	 51.000000 
-2608006106.927518 	 52.000000 
1611836416.948400 	 53.000000 
-996169689.979118 	 54.000000 
615666726.969288 	 55.000000 
-380502963.009818 	 56.000000 
235163763.959493 	 57.000000 
-145339199.050282 	 58.000000 
89824564.909292 	 59.000000 
-55514634.140847 	 60.000000 
34309930.768695 	 61.000000 
-21204703.371720 	 62.000000 
13105227.397703 	 63.000000 
-8099475.972814 	 64.000000 
5005751.426838 	 65.000000 
-3093724.542882 	 66.000000 
1912026.888769 	 67.000000 
-1181697.646772 	 68.000000 
730329.252972 	 69.000000 
-451368.377722 	 70.000000 
278960.898335 	 71.000000 
-172407.446897 	 72.000000 
106553.496253 	 73.000000 
-65853.890060 	 74.000000 
40699.686467 	 75.000000 
-25154.099348 	 76.000000 
15545.719801 	 77.000000 
-9608.214031 	 78.000000 
5937.708134 	 79.000000 
-3670.263403 	 80.000000 
2267.729530 	 81.000000 
-1402.206046 	 82.000000 
865.893333 	 83.000000 
-535.903761 	 84.000000 
330.432764 	 85.000000 
-205.000257 	 86.000000 
125.922556 	 87.000000 
-78.577701 	 88.000000 
47.844855 	 89.000000 
-30.242796 	 90.000000 
18.072798 	 91.000000 
-11.726806 	 92.000000 
6.754944 	 93.000000 
-4.602014 	 94.000000 
2.480758 	 95.000000 
-1.836457 	 96.000000 
0.886795 	 97.000000 
-0.747297 	 98.000000 
0.305013 	 99.000000 
-0.309602 	 100.000000 
0.099656 	 101.000000 
-0.129673 	 102.000000 
0.030568 	 103.000000 
-0.054290 	 104.000000 
0.008768 	 105.000000 
-0.022436 	 106.000000 
0.002410 	 107.000000 
-0.009052 	 108.000000 
0.000700 	 109.000000 
-0.003538 	 110.000000 
0.000255 	 111.000000 
-0.001335 	 112.000000 
0.000122 	 113.000000 
-0.000486 	 114.000000 
0.000068 	 115.000000 
-0.000167 	 116.000000 
0.000044 	 117.000000 
-0.000044 	 118.000000 
0.000044 	 119.000000 
-0.000044 	 120.000000 
0.000044 	 121.000000 
-0.000044 	 122.000000 
0.000044 	 123.000000 
-0.000044 	 124.000000 
0.000044 	 125.000000 
-0.000044 	 126.000000 
0.000044 	 127.000000 
-0.000044 	 128.000000 
0.000044 	 129.000000 
-0.000044 	 130.000000 
0.000044 	 131.000000 
-0.000044 	 132.000000 
0.000044 	 133.000000 
-0.000044 	 134.000000 
0.000044 	 135.000000 
-0.000044 	 136.000000 
0.000044 	 137.000000 
-0.000044 	 138.000000 
0.000044 	 139.000000 
-0.000044 	 140.000000 
0.000044 	 141.000000 
-0.000044 	 142.000000 
0.000044 	 143.000000 
-0.000044 	 144.000000 
0.000044 	 145.000000 
-0.000044 	 146.000000 
0.000044 	 147.000000 
-0.000043 	 148.000000 
0.000044 	 149.000000 
-0.000042 	 150.000000 
0.000047 	 151.000000 
-0.000037 	 152.000000 
0.000056 	 153.000000 
-0.000020 	 154.000000 
0.000087 	 155.000000 
0.000036 	 156.000000 
0.000187 	 157.000000 
0.000207 	 158.000000 
0.000475 	 159.000000 
0.000684 	 160.000000 
0.001246 	 161.000000 
0.001905 	 162.000000 
0.003137 	 163.000000 
0.004770 	 164.000000 
0.007385 	 165.000000 
0.010930 	 166.000000 
0.016121 	 167.000000 
0.023043 	 168.000000 
0.032534 	 169.000000 
0.044771 	 170.000000 
0.060628 	 171.000000 
0.080230 	 172.000000 
0.104289 	 173.000000 
0.132638 	 174.000000 
0.165559 	 175.000000 
0.202321 	 176.000000 
0.242537 	 177.000000 
0.284755 	 178.000000 
0.327871 	 179.000000 
0.369805 	 180.000000 
0.408996 	 181.000000 
0.443148 	 182.000000 
0.470783 	 183.000000 
0.490006 	 184.000000 
0.500044 	 185.000000 
0.499956 	 186.000000 
0.490093 	 187.000000 
0.470696 	 188.000000 
0.443235 	 189.000000 
0.408909 	 190.000000 
0.369892 	 191.000000 
0.327784 	 192.000000 
0.284842 	 193.000000 
0.242450 	 194.000000 
0.202408 	 195.000000 
0.165472 	 196.000000 
0.132726 	 197.000000 
0.104202 	 198.000000 
0.080318 	 199.000000 
