1
1.2265331
1.2501159
1.2692031
1.2004363
1.2670116
1.2272478
1.1993761
1.1923766
1.2160414
1.2355907
1.2549833
1.2328133
1.258059
1.2067049
1.2185244
1.2411874
1.1836034
1.1970394
1.242097
1.2215101
1.211186
1.2364074
1.2539086
1.2312714
1.2910657
1.2167381
1.2129672
1.2610721
1.2174215
1.1999226
1.2499538
1.2423385
1.2345426
1.2375426
1.2431054
1.1792323
1.2715397
1.281061
1.2251601
1.2393072
1.2639144
1.2129039
1.2121939
1.207211
1.2721393
1.2481856
1.2042999
1.2182056
1.2445735
1.2418435
1.1853507
1.240436
1.2236816
1.228158
1.2389003
1.2129635
1.1858657
1.2235088
1.1917745
1.196514
1.2158726
1.2690077
1.2070227
1.2411771
1.2206382
1.1756009
1.2119166
1.1661491
1.1898419
1.2140134
1.2048498
1.2402541
1.2024488
1.1993256
1.2716343
1.252402
1.1789544
1.2433234
1.2182954
1.1555877
1.238815
1.2643777
1.2351143
1.184154
1.2809483
1.2073916
1.2019548
1.2066538
1.2336998
1.1953288
1.1806201
1.2024053
1.2307262
1.1809749
1.188606
1.2710233
1.256531
1.2418053
1.228102
1.1985252




































































































































































































































































































































































































































































































































































































































































































































































































































































































































































































































































































































































































































































































     