1.0  
3.3255346  
2.524455  
2.1164349  
1.8155897  
1.5999216  
1.4620399  
1.3623939  
1.2561761  
1.2093774  
1.1426072  
1.1114262  
1.0840842  
1.0838294  
1.0774532  
1.0318491  
1.0253333  
1.0389693  
1.024865  
1.0143586  
1.0411812  
0.99791198  
1.0198506  
0.98612741  
1.0000426  
0.98887678  
1.0144906  
0.99825911  
1.0034722  
1.0080763  
1.0134595  
0.98884412  
0.96928458  
1.0149582  
0.98023067  
0.98162837  
0.98588409  
0.96280436  
0.97043872  
0.95839731  
0.9923385  
0.98415005  
0.99383628  
0.99396028  
0.99494543  
1.0047264  
1.0025803  
1.0223156  
1.0152242  
1.0435575  
1.0222407  
1.0185659  
1.0159077  
1.0283526  
0.98821234  
1.0152469  
1.0041263  
0.97447516  
0.98616237  
0.98058406  
0.97682545  
0.97114564  
1.0171404  
1.0048355  
1.0117097  
1.0273415  
1.0327114  
1.0145221  
1.002441  
1.0102018  
0.97568868  
0.99893896  
1.0167332  
1.0108931  
1.0133818  
1.0254193  
1.0094464  
1.0082217  
1.0356462  
1.0503144  
1.0634546  
1.0478809  
1.0124972  
1.0563153  
1.0366706  
1.0325794  
1.0441557  
1.0067976  
1.0253706  
1.0175376  
1.0008094  
0.99580614  
1.0277992  
1.0074295  
1.0679492  
1.0653719  
1.0404235  
1.0208581  
1.0125943  
1.0039418  
1.0181014  




































































































































































































































































































































































































































































































































































































































































































































































































































































































































































































































































































































































































































































     