1.0
1.2706655
1.1087598
1.0886941
1.0968951
1.0839206
1.072078
1.078735
1.0683853
1.1149311
1.0865125
1.0478318
1.1144932
1.0591068
1.0980458
1.0963616
1.099358
1.1183267
1.1122209
1.0790443
1.0745191
1.1277994
1.084154
1.06276
1.124766
1.1177592
1.0832769
1.1073876
1.0821871
1.0806777
1.0997256
1.1178348
1.1030429
1.108977
1.0973058
1.0933306
1.1214291
1.0689651
1.1380608
1.1086224
1.1039563
1.0746198
1.0744623
1.0797809
1.0970218
1.0750044
1.0742953
1.0524977
1.093461
1.1051628
1.0722375
1.1181601
1.1403067
1.1225002
1.0921966
1.1181928
1.1177766
1.1070323
1.1121493
1.1271264
1.145483
1.1325131
1.1082042
1.1154254
1.0966144
1.1087354
1.0908768
1.0794998
1.0735087
1.0711907
1.0813581
1.1109041
1.0734693
1.0508143
1.1052917
1.0465622
1.082782
1.0484228
1.1075597
1.1016445
1.091012
1.1150505
1.1084753
1.0510643
1.0744348
1.0927017
1.0674497
1.080491
1.0939821
1.0926448
1.1141854
1.1081768
1.1013901
1.0517313
1.0968586
1.0841917
1.0869664
1.0747454
1.1170253
1.0716966
1.0945986




































































































































































































































































































































































































































































































































































































































































































































































































































































































































































































































































































































































































































































































































































































































































































































































































































































     