1
2.0474664
1.8950972
1.7971674
1.6490274
1.6048115
1.5713395
1.4460059
1.4161308
1.3839725
1.3419332
1.2966798
1.2796245
1.2491009
1.2079304
1.1973004
1.1664483
1.1302675
1.1436228
1.1529829
1.1283427
1.1337218
1.1222493
1.1226914
1.0972925
1.0980419
1.0994359
1.1227622
1.0905525
1.1193704
1.0823538
1.1161521
1.0857822
1.0651987
1.056648
1.0363146
1.0288476
1.0442123
1.0674532
1.0421783
1.0264953
1.0233086
1.0470846
1.0397475
1.0478496
1.0453576
1.0304846
1.0457716
1.0284771
1.0269317
1.0184861
1.0234471
1.0224149
0.99939573
1.0029109
1.0150567
1.0002195
0.98343456
1.0063139
0.9896349
0.97419202
0.97600966
0.99044535
0.98186407
0.97737381
0.96273523
0.97343403
0.98675467
0.96630254
0.967202
0.96827089
0.94963611
0.96545814
1.0015714
0.96238588
0.97848319
0.96774103
0.96963307
0.98708411
0.98588473
0.96836001
0.9655246
0.98740968
0.99842546
0.97688443
0.99388308
1.0215925
1.0099546
0.964366
0.97751182
0.97819598
0.9891436
0.96283328
0.97449554
0.9799618
0.99304018
0.99366809
0.98346226
0.9879605
1.0201464
0.99081214

































































































































































































































































































































































































































































































































































































































































































































































































































































































































































































































































































































































































































































































































































































































































































































































































































































































































     