1
1.0832442
1.1343329
1.0947519
1.0953881
1.1408367
1.1204983
1.0914013
1.1114603
1.120128
1.0897393
1.1176612
1.079429
1.131064
1.1656329
1.1022796
1.1337422
1.0888817
1.0895177
1.1239336
1.1345577
1.1438199
1.136947
1.1696612
1.1136298
1.0970557
1.1029122
1.1465427
1.1316311
1.1132694
1.1229723
1.1409962
1.1258424
1.104465
1.1284187
1.1222726
1.0909568
1.138206
1.1322026
1.1132439
1.0886401
1.1194174
1.112158
1.1258322
1.1536329
1.1388382
1.1146962
1.1233375
1.1325721
1.0928461
1.1192952
1.1006245
1.1270842
1.0748512
1.1223875
1.110447
1.100222
1.0965887
1.121265
1.137082
1.140793
1.1412561
1.1143953
1.0733019
1.1205516
1.08772
1.10229
1.1357732
1.1480697
1.1007644
1.092734
1.143997
1.1101886
1.1136625
1.1118704
1.0873441
1.106643
1.1005149
1.0890873
1.0922279
1.1137486
1.1075866
1.1125428
1.0762502
1.1154518
1.1143508
1.0744498
1.107693
1.1025417
1.1125057
1.1168258
1.1379582
1.0897444
1.1240552
1.128596
1.0694258
1.1320219
1.0994023
1.133883
1.1748097
1.1122202















































































































































































































































































































































































































































































































































































































































































































































































































































































































































































































































































































































































































































































































































































































































































































     