1
1.6513914
1.3864128
1.1722372
1.153389
1.0979662
1.0617789
1.0349681
1.013749
0.99529983
1.0115578
1.0141878
1.0040527
0.98494687
0.99662923
0.96575514
0.99967761
1.0225498
0.96287374
1.0123818
1.0089919
1.0070767
1.0340288
1.0324102
1.0541572
1.0106787
1.0077
1.0296631
1.0007949
0.97414066
0.95243826
1.0189049
0.97791179
1.0036226
0.98047416
0.99603741
0.99378811
1.0350626
1.0189984
0.96970438
0.98095704
1.0266994
0.98607683
0.96076664
0.96078694
0.96756898
0.95539395
0.97223649
0.99914663
1.0117536
1.0126713
0.98283277
0.98868396
1.0137548
0.94397537
0.94446496
0.97531405
0.99646935
0.94331606
0.98235463
0.99926464
1.0101303
1.0001022
1.0086434
1.0420707
1.029758
1.0239351
1.0375324
1.0219106
1.0121195
0.99694649
1.0217384
0.9833246
0.98074331
0.99108793
0.96237887
1.0100225
0.99826488
1.0168013
1.0322274
1.0273525
1.0557578
1.0127693
1.0118296
1.0171202
1.0002234
0.98344796
1.0047011
0.95948817
1.0048467
0.98167132
0.99101087
0.99636306
1.0129344
0.99501457
1.0113928
1.0303562
0.97197218
0.98318583
1.0164001
0.97194613

























































































































































































































































































































































































































































































































































































































































































































































































































































































































































































































































































































































































































































































     