1
1.3290884
1.1513453
1.0703803
1.0605861
1.027761
1.029791
1.063725
1.0288639
1.0244188
0.99215462
1.0408512
0.97054891
1.0125024
0.99156226
0.9906818
1.0056417
0.96346807
1.0103549
1.0045873
0.98005254
1.0228059
1.0197171
1.0476615
0.9989008
0.97400201
1.0212669
1.0006326
0.99980817
0.98916584
1.0077487
1.012238
0.99582251
1.002112
0.98337378
1.0042678
0.99686188
1.013747
1.0183734
1.010988
0.99116457
0.99044163
1.0096911
0.98658448
0.99024863
1.0175671
1.0022051
1.005006
1.0247975
1.0280295
0.99646486
1.0063059
1.0095522
1.0223979
0.99384362
1.0231822
0.98014101
1.0214901
0.99268076
1.0197708
0.98658141
1.0101413
0.9962509
0.96023466
0.98522508
1.0245034
1.0075656
0.99557975
0.9807045
0.94718849
1.0016095
0.96848716
0.99775594
0.98646642
1.0058072
0.99369833
1.0531815
1.0078372
0.99799804
1.0163138
1.0356303
1.0116861
1.0236339
1.0184963
1.0561437
1.0167233
1.0308799
0.99116598
0.98148497
1.0173778
1.0233744
1.0640579
1.0311055
1.0248833
1.0004415
1.0162436
0.97757754
1.0266644
1.0519592
1.0612082
1.0525209

























































































































































































































































































































































































































































































































































































































































































































































































































































































































































































































































































































































































































































































































































































































































































































































































































































































































     