1
1.4610164
1.2357707
1.1023625
1.0582158
1.057287
1.0230891
1.0138666
1.0534362
1.0275506
1.0207478
0.98151017
0.99254081
0.96318549
0.99695452
0.9880167
0.99561089
0.98426563
1.0120879
1.0409762
1.0336625
1.0155009
1.019503
1.0140952
1.0145471
1.0066277
0.97540804
1.0133514
0.99858517
1.0214077
0.99005083
0.99717153
1.0002576
1.0401089
1.0256458
1.012046
1.0281983
1.0263632
1.0096012
0.98975433
1.0479208
1.0031773
0.99484992
1.0397372
1.019829
1.0140318
1.0164953
1.0179586
1.0064394
1.0250663
1.0182535
1.0441683
1.0037928
0.97920327
1.0055041
0.99770218
1.0235804
0.9969735
0.9833062
0.99337196
0.99911602
0.99600317
1.0062316
0.9937504
1.0170862
1.0063355
1.0224768
1.0447786
1.0296138
1.0247257
1.0021242
0.98283095
0.9928843
0.99495313
0.99186091
1.0019551
0.98249221
0.99333836
0.95970946
0.94796361
0.97545867
1.0271296
0.99491323
1.0141021
1.0276308
0.98900914
1.0049376
0.98650281
1.0184038
0.99940305
1.0224789
1.0420631
1.0345861
1.0098911
0.9813748
1.0019457
0.99483415
1.0364115
1.0150378
1.010539
1.0088591











































































































































































































































































































































































































































































































































































































































































































































































































































































































































































































































































































































































































































































































































































































































































































































































































































































































































































     