1
1.0338849
1.0426105
1.0727937
1.050105
1.0326282
1.0016553
1.026694
1.0939943
1.0321601
1.0229731
1.0440998
1.0385335
1.0263835
1.0156012
1.0465639
1.0410141
1.0630235
1.0528537
1.0404876
1.0381583
1.049636
1.0461924
1.0345678
1.0241077
1.0188512
1.0486614
1.0124475
1.0748979
1.0535492
1.0462858
1.0659817
0.99725292
1.0025429
1.0519638
1.0448827
1.0597345
1.0348745
1.0268914
1.044167
1.0621619
1.0530697
1.0508248
1.0263332
1.0883242
1.026452
1.0310715
1.0124739
1.0438735
1.0393711
1.0299122
1.0209614
1.0336467
1.0374667
1.0462515
1.0334988
1.1100038
1.0581558
1.0047047
1.0766359
1.0099505
1.0631748
1.0539282
1.0273636
1.0537142
1.0104905
1.0662292
1.0141875
1.0118585
0.9874489
1.0281439
1.0207328
1.0493374
1.0639932
1.0455645
1.0598748
1.0414151
1.0361863
1.0462744
1.0552782
1.0277268
1.0353989
1.0611052
1.0291313
1.0301293
0.99793155
1.025343
1.0399474
1.0581158
1.0253061
1.0436359
1.0285355
1.0206178
1.0358409
1.0264236
1.0442507
1.0411411
1.0755529
1.0610823
1.057266
1.0225926
















































































































































































































































































































































































































































































































































































































































































































































































































































































































































































































































































































































































































































































































































































































































































































































































































































































































     