1
0.96859992
0.98325506
1.0286345
0.99045806
0.99712285
0.99205122
1.0202505
1.0147187
0.99973983
0.99932376
0.96435136
1.0090118
0.99748772
0.97139387
1.0165849
0.97500393
0.97204702
0.98387228
1.038466
0.96709177
1.0189767
1.0235109
1.0279409
0.98411861
1.0146409
0.99139253
0.98506853
1.0017982
0.99495675
1.0247689
1.0186303
1.0339786
0.97856377
1.0164954
1.0111555
1.0204562
1.0001309
1.0164487
0.99544435
1.0023645
1.0160946
1.0157161
0.98871351
1.028913
1.0170587
0.96257421
1.0386788
1.0044886
1.0207631
0.98562345
0.97771901
0.99602852
1.0052014
0.98988853
0.99544379
1.0081061
1.0098955
1.0395104
0.9845149
0.95705919
0.98801506
0.96183085
0.99473056
1.0244936
1.0127818
0.97604636
0.97629542
1.011155
0.98277337
0.97928233
1.0005578
1.0209362
0.9788276
0.99035898
0.9943733
1.013949
0.99617791
1.0286788
0.95457672
0.98366513
1.0231674
1.0249847
1.0189479
0.99077223
1.002135
0.98912335
1.015873
1.000711
0.99108492
0.97740452
0.97048888
0.99405889
1.0022855
0.99673946
0.99907931
0.99589541
0.98460086
1.0109682
1.001942
0.96726721







































































































































































































































































































































































































































































































































































































































































































































































































































































































































































































































































































































































































































































































































































































































































































































































































































































































     