1
1.2221184
1.1681735
1.1851449
1.1757873
1.1445591
1.2033171
1.1578845
1.1579484
1.1896097
1.1521167
1.1802646
1.1877997
1.1785967
1.1597003
1.1764771
1.1750217
1.15836
1.2422755
1.2418261
1.1878939
1.1711119
1.1940207
1.1826302
1.2115126
1.2476267
1.2159089
1.1650927
1.1644671
1.158954
1.2101957
1.1618953
1.1666991
1.1901906
1.1784432
1.1666308
1.1716637
1.2191224
1.1917813
1.181704
1.1659682
1.1736369
1.2256501
1.185473
1.2041465
1.1825821
1.1995774
1.1600313
1.1991599
1.1789741
1.2004935
1.1587099
1.1456603
1.1763181
1.1288269
1.160991
1.1802619
1.2027802
1.1627341
1.2229224
1.132686
1.1452322
1.1576359
1.1562556
1.1845182
1.2151342
1.1678967
1.1936123
1.2151708
1.1338994
1.199841
1.1893833
1.1473168
1.204725
1.1548883
1.159181
1.1971911
1.1515692
1.1470437
1.1421505
1.1574074
1.1402749
1.1465906
1.189718
1.1985847
1.219228
1.213304
1.1721077
1.1595502
1.1891718
1.1385815
1.126432
1.1648552
1.1677753
1.1662152
1.1726487
1.1752767
1.2213403
1.2037282
1.1504843
1.1822825







































































































































































































































































































































































































































































































































































































































































































































































































































































































































































































































































































































































































































































































































































































































































     