1  
1.5677669  
1.0401321  
0.96520488  
1.0322417  
0.96457508  
1.0108428  
0.97065774  
1.0346974  
0.98267909  
1.0028609  
0.98212599  
1.0178659  
0.97983677  
1.0179004  
0.98939224  
0.99607127  
0.99646555  
0.99847754  
0.98784559  
1.0311758  
0.98004365  
1.0188963  
1.024711  
0.98024842  
1.0154572  
0.96189368  
1.0086299  
1.0043295  
0.9727614  
0.99669162  
1.0084568  
0.96023569  
1.0205648  
1.0017147  
1.0121318  
0.97251753  
0.9962301  
0.99528106  
1.0038166  
1.0058599  
1.0180059  
0.98840026  
1.0184941  
0.97955921  
1.0231513  
1.0097671  
0.99133142  
0.99233093  
1.0006271  
0.99879869  
0.99194404  
0.98601449  
0.9971871  
1.0015971  
1.0395909  
0.96308132  
1.0168638  
1.008214  
0.94361781  
1.0192348  
0.9958066  
1.0167975  
0.97719641  
1.0237348  
0.95651521  
1.033665  
0.98799435  
1.0295579  
0.99075703  
1.0194886  
0.98328849  
0.98684543  
0.99737323  
1.0163232  
0.96296916  
1.0201639  
1.0379386  
0.9835826  
1.0234944  
0.97700798  
0.98175641  
1.0062228  
1.01867  
0.98638608  
1.0330699  
0.99128017  
0.99018925  
1.0092095  
0.97346519  
0.99108203  
1.0142886  
0.97658145  
1.0354806  
0.99413799  
0.99593669  
0.98618944  
1.0238903  
0.9735713  
1.0093313  
0.97286012


































































































































































































































































































































































































































































































































































































































































































































































































































































































































































































































































































































































































































































































































































































































































































































































































































































































































     