1.0
0.99521034
0.99878614
0.9986058
1.0020767
1.0045412
0.99800425
0.98916892
1.022897
0.99390619
0.97970799
0.99192109
1.0235374
1.0078859
1.0290989
0.99904497
0.99408402
1.0161641
0.98909751
1.0298352
1.0200022
0.99197346
1.0025183
0.96229558
0.9814667
0.97806454
0.98297968
0.98868356
0.9980043
1.0236733
0.9953188
0.98769817
0.99754771
0.9899959
1.027079
1.0330249
0.99699373
1.0045995
0.98956652
0.97587679
1.0324063
1.0217711
0.98795915
0.96865932
0.96578982
0.98363097
0.97953202
1.0315922
1.0132325
0.96512301
0.97205322
1.0036688
0.94598253
1.0136155
1.0023735
1.0005532
0.99474836
1.0173296
1.0226178
1.0385606
0.99072443
1.0077307
0.98954905
0.991036
1.055866
0.99887395
1.023807
1.0663316
1.0059233
0.97119122
0.99414576
1.0159689
0.99939784
0.96797084
0.99149388
1.0042171
0.9849617
1.0259672
1.0225467
1.0258509
0.98045693
0.97213784
1.0002795
1.025068
0.98860628
0.98468563
0.98881155
0.99928225
1.0021582
1.0137966
0.98614024
1.024753
1.0249798
0.99271734
1.0155554
1.0384228
0.99747486
1.0047115
1.0009728
0.98430617
0.99592351









































































































































































































































































































































































































































































































































































































































































































































































































































































































































































































































































































































































































































































































































































































































































































     