1
42.883709
46.237329
45.632384
46.253064
45.907251
44.620562
44.355023
44.845209
47.374973
44.555035
46.386821
46.162503
45.751692
46.398987
46.232398
46.425892
45.544119
43.076246
44.222054
44.80562
46.879145
45.34091
44.424994
47.460881
44.549608
45.332143
45.766376
44.850409
44.228384
45.422562
45.087239
43.645361
45.613815
46.179123
44.676816
46.607643
46.211506
45.662414
44.163213
45.561302
44.305491
44.280019
45.570422
45.841426
44.78891
47.569594
45.548253
45.850923
45.117132
45.004849
45.832808
46.560443
45.401062
44.058645
44.529947
42.549042
46.542927
43.896545
45.269899
45.285192
46.666823
44.783573
47.539434
45.313413
45.6016
45.600096
45.391113
44.584954
44.817972
46.626627
45.116835
42.573139
47.06191
46.352421
48.794112
45.88615
45.12532
47.397931
46.892632
43.986387
44.315602
47.267993
45.460246
45.056376
47.920725
44.413205
47.199634
45.453929
45.995082
46.652581
45.318534
45.304615
45.952402
44.457964
46.827371
44.862912
47.385407
46.072137
44.728335
44.849434

































































































































































































































































































































































































































































































































































































































































































































































































































































































































































































































































































































































































































































































































































































































































































































































































































































































     