1
2.7772903
2.0098903
1.6509106
1.4316073
1.3190753
1.2093204
1.1602765
1.1090067
1.0908615
1.0557536
1.0126659
1.0119733
1.0392968
1.0317524
1.0420178
1.0712814
1.0289603
1.0307349
1.0464898
1.0173188
1.0174111
1.0304504
1.0288054
1.0455335
0.98964627
1.0009849
0.98271143
0.95246338
1.0050768
1.0154393
1.0250234
1.0108242
1.0240399
1.009069
1.043098
1.000802
1.0024814
1.0146562
1.0132112
0.99767066
1.002395
0.98486742
1.0070525
0.98653098
0.98304479
0.99950364
1.0077572
1.0025722
1.0164173
1.0110434
1.0071011
1.0069273
1.0011706
1.0238062
0.96460247
1.0025976
1.008295
0.99887816
1.0194672
1.0079073
0.99078595
1.0162397
0.98737328
1.0198327
1.0184396
0.98911699
1.0339918
1.0312694
0.98561926
0.95011795
1.0105469
0.97714132
1.0037182
0.98488219
1.0032697
1.0006067
0.9920682
1.0342604
1.0118624
1.0278762
1.0030897
1.0147705
1.0377108
1.0155657
1.0029389
1.0028875
1.0219821
1.0040224
0.98867428
1.0059691
1.0105003
0.97569647
0.98134493
0.96391074
0.96218886
0.96634091
0.98251764
0.98858208
1.0063943
0.98429233






































































































































































































































































































































































































































































































































































































































































































































































































































































































































































































































































































































































































































































































































































































































































































































































































































































































































































     