1
2.4771877
1.7688643
1.4828968
1.304173
1.2120149
1.1158384
1.1016734
1.0440659
1.0476679
1.0256518
1.0019394
1.0034822
0.99113421
1.0061294
1.0088675
0.97866087
1.0169579
0.99463
1.0115269
1.0029641
0.96110589
0.96951736
0.94171821
0.97235286
0.94245012
0.99835451
0.97283034
1.0144382
1.000447
0.99305827
0.97536819
0.99766856
0.99280946
1.0292086
0.99900955
0.9993245
1.0306669
0.98463409
1.0259483
0.99275178
1.0055878
1.0086949
1.0142943
1.0069627
1.0366032
1.0227761
0.99661975
1.0254256
0.99460156
1.021329
0.99590663
0.97749649
1.0084304
1.0133861
1.0088511
1.0111934
1.0138963
1.0200126
1.0370613
1.0422039
1.025885
1.0485556
1.0061818
0.99704125
0.98449399
0.95246436
0.97200032
0.98888437
0.98065326
0.9640421
1.0194383
1.0131937
1.0177084
0.98536277
1.0147228
1.0256236
1.0136187
0.99873737
0.99325304
1.0201323
1.0258385
1.0356405
1.0217182
1.0350481
1.040881
0.9891808
1.0341793
1.0333156
1.0568832
1.015168
1.0019685
1.0142431
1.0061233
0.99006536
0.9786286
0.99315519
0.99546029
1.0031108
1.0555648
1.0550541



















































































































































































































































































































































































































































































































































































































































































































































































































































































































































































































































































































































































































































































































































































































































































































































































































































































     