1
4.4981257
4.1552072
3.8206848
3.561792
3.2985262
3.0740965
2.9641993
2.7595142
2.6288016
2.5293131
2.4482815
2.3152396
2.2449643
2.1181066
2.0492523
2.0244722
1.9262797
1.8505679
1.8258836
1.7760096
1.7024856
1.7044156
1.6830673
1.5873701
1.5498896
1.5763952
1.4979164
1.5395461
1.4915889
1.4540603
1.4342534
1.4562796
1.4238379
1.3964401
1.4206916
1.3456576
1.3700429
1.3281153
1.3021159
1.258543
1.2779373
1.2683152
1.2603725
1.256339
1.2290306
1.2029032
1.2285563
1.2432212
1.1925365
1.1935619
1.1886353
1.2257338
1.1339846
1.1498075
1.1489408
1.1810998
1.1551409
1.1438546
1.1267991
1.1361397
1.1412797
1.12046
1.1031657
1.1007405
1.1096857
1.0846529
1.1157565
1.0740821
1.0776274
1.0704076
1.0798885
1.0641399
1.0649127
1.0196733
1.0709918
1.0552612
1.0507856
1.0122846
1.0257317
1.042087
1.0257469
1.0285876
1.026178
1.0293219
1.0135454
1.0217523
1.0030157
1.0189945
1.0102501
1.0274038
1.0205753
1.030218
1.0302342
1.0278241
1.0335674
1.0222791
1.0319034
1.0351557
1.0122292
0.99556198


























































































































































































































































































































































































































































































































































































































































































































































































































































































































































































































































































































































































































































































































































































































































































































































































































































































































     