1
1.4324379
1.3309935
1.3408898
1.3842103
1.3637058
1.3326184
1.371316
1.3364828
1.3333589
1.3679672
1.3391522
1.398834
1.3508105
1.3573831
1.3690971
1.3644241
1.3507108
1.3299064
1.3740989
1.3614945
1.3748635
1.3479147
1.3259384
1.3227959
1.3633907
1.3575866
1.3145149
1.3340584
1.3310163
1.38647
1.322751
1.379939
1.3538143
1.3829567
1.3806638
1.3249344
1.3913953
1.3398439
1.3490408
1.3683604
1.3560622
1.3459064
1.3791691
1.354885
1.3163336
1.418199
1.3193839
1.3604927
1.3599054
1.3145532
1.3466973
1.353194
1.3956139
1.3738529
1.3942406
1.3549881
1.3739302
1.3786582
1.3323137
1.3633433
1.3438086
1.3493023
1.3909818
1.4074306
1.3599667
1.3528713
1.3298525
1.3169085
1.3451341
1.3331224
1.3000423
1.3187647
1.3842473
1.3212774
1.3911331
1.359738
1.3557825
1.300273
1.3544978
1.3436841
1.4121895
1.3516175
1.3696759
1.36676
1.3476463
1.3903268
1.4037789
1.4046724
1.3366394
1.3422886
1.3609876
1.3686229
1.3640313
1.3448475
1.4024852
1.3540411
1.3343452
1.364609
1.3957918
1.3813296




















































































































































































































































































































































































































































































































































































































































































































































































































































































































































































































































































































































































































































































     