1
1.0531319
1.0214946
1.0140349
1.0097051
0.98072304
1.0033498
1.0023624
1.0140156
1.0378376
1.0483126
1.005373
1.0011824
0.99307405
1.0218355
1.0247148
0.99131836
1.0189499
1.0132044
1.0059679
1.0182379
0.99820904
1.0077799
1.0097221
0.99207855
0.98796132
1.0005295
0.99867551
0.96266406
1.0128977
1.0054915
1.0258712
1.0094995
0.98352161
0.98419238
0.98445103
1.0038954
1.0085512
0.9801547
0.97564128
1.0228137
1.0240843
0.96913645
1.0170677
1.0045121
1.0022389
0.99896135
1.0039459
1.0079986
1.0051086
0.99775198
1.0121702
0.98705944
0.96938244
1.0107421
0.99983417
1.019537
1.0139922
0.99181133
0.99711623
1.0165848
0.97869326
0.97921113
1.0143476
1.0027498
1.0197881
1.0358783
0.98082343
1.0378255
1.0058227
0.972331
0.9891369
0.98775317
0.9768625
0.95278372
0.97451983
0.99302194
1.0235527
0.9780253
0.96476572
1.0196251
1.0015278
0.97213741
1.0065092
0.98535441
0.99231091
0.97348543
1.0052687
1.0246046
0.9904363
0.9741005
0.99401242
1.0297347
1.0123116
0.98040441
0.97827391
0.97379526
1.0138911
1.0084854
0.99545152
1.0135194








































































































































































































































































































































































































































































































































































































































































































































































































































































































































































































































































































































































































































































































































































































































































































































































































































































































































     