1
0.95939204  
0.9801466  
0.96986657  
1.0126987  
0.97812939  
1.0016684  
1.0003955  
0.98909837  
0.97151612  
0.96484302  
0.9901383  
0.9827174  
1.03325  
0.97429464  
0.98162291  
0.99644909  
1.0322073  
0.96634816  
1.0106969  
0.99462846  
1.0051391  
0.9999652  
0.98914047  
1.0104684  
0.9988025  
0.98024903  
0.98649678  
1.0053719  
1.0240368  
0.96567944  
1.0521618  
0.96022791  
0.99774522  
0.99233017  
1.0014459  
1.0502072  
1.0084534  
0.99675114  
0.99717785  
1.0023121  
0.99369766  
1.0347065  
1.0539951  
0.98810317  
1.0137835  
0.96895408  
0.9844658  
1.0268691  
1.030089  
0.97939351  
0.95949944  
1.0210222  
1.0083423  
0.98669589  
0.9861227  
0.98422982  
1.0040587  
1.0005738  
1.0216645  
0.99634424  
1.0166865  
1.0083399  
0.97993274  
0.99793469  
1.0268741  
1.0054887  
1.0095862  
1.0220424  
0.98294221  
0.99859257  
0.98120091  
1.0048668  
1.0042288  
0.98170769  
1.0386182  
0.97081519  
1.0186848  
1.0127525  
1.0115856  
1.0216585  
1.0232862  
1.0111293  
0.99714681  
0.96310698  
1.0109621  
0.99682646  
1.0042308  
1.0062645  
1.0011376  
0.97987064  
1.0251574  
0.94607895  
0.99320261  
1.0032174  
1.0173069  
0.96635063  
1.0010623  
1.0065934  
0.97389688  
1.0221273  



















































































































































































































































































































































































































































































































































































































































































































































































































































































































































































































































































































































































































































































     