1
1.0186782
0.98966358
0.99612384
0.95522185
1.0334162
1.0197345
1.0340707
1.0063931
0.99864353
0.99157953
1.0325202
0.98797498
1.0082547
1.0179846
0.95875455
0.96852865
0.97385455
1.0020892
1.0041335
1.0511705
1.032236
0.97550065
1.0033409
0.99319226
0.98914196
1.0109201
1.0140863
1.0062593
0.97738331
0.99245064
0.99279712
1.0048025
1.0005959
0.98251099
0.97706763
0.99142709
0.94782349
0.9960177
0.99926419
1.0019629
0.98891802
0.97667261
0.99310317
1.0100581
1.0007688
0.99446177
0.99883964
0.99707991
1.0014957
0.99337662
0.9923147
0.99575865
0.98507625
0.95708862
1.0274711
1.0051872
1.0364509
0.99211273
1.0323561
0.99260241
1.0144769
0.99224712
0.99010603
1.0126167
1.0155366
1.0247922
0.98127889
1.0180885
0.97926077
0.99107718
0.98911928
1.0003161
0.96245315
0.97536398
1.0468275
1.050968
1.0083256
0.96078215
0.98836003
1.0213224
0.98261708
0.95900401
1.006713
0.99513097
1.0145465
0.99416358
1.0208122
0.96329486
1.0100636
1.0193885
1.0247156
1.0104837
1.0311253
1.009033
1.0102255
1.0167163
1.0502946
1.0006571
0.99001084
0.99323925




















































































































































































































































































































































































































































































































































































































































































































































































































































































































































































































































































































































































































































































































































































































































































































































































































































































































     