1.0
0.99842246
1.0060157
0.9949473
0.99539457
0.97446231
1.0454096
0.97010883
0.98560973
1.0081345
0.98470122
1.0239156
1.0089667
0.9661671
1.0090517
0.98570291
1.0153649
0.98672019
0.97154324
0.99687784
0.97431852
0.98392343
0.98823021
1.0125508
0.99946077
0.99874303
1.0270548
1.0024341
1.0022891
0.99961418
0.99760081
1.0040564
1.0286683
0.9673266
0.97638826
0.98696591
1.0119892
1.0272563
1.0036519
0.979884
0.97117569
1.0187719
0.99489161
0.98889375
0.98520983
0.99676703
1.0084985
1.0037514
0.99658357
1.0162294
0.9930746
1.0265765
1.0143483
1.0028465
0.99763605
0.97771433
0.99962423
1.0205946
0.998193
0.99825689
0.99208661
1.0681533
1.0311184
1.0004549
0.98734207
0.9983144
1.0247347
0.99860123
1.0193222
0.98702086
1.0122068
0.99559508
1.0243051
0.96788633
1.0094929
0.98933199
1.0050393
1.0047234
0.99178539
0.99855576
1.0236966
1.0370568
0.98463635
0.9854639
0.99661255
1.026875
0.99200414
0.98916352
1.0267872
1.0014806
1.0008453
0.98525376
1.0179399
0.9880915
0.98000863
1.0143792
1.0107143
1.0160438
0.98770741
1.0176379
0.97459554

































































































































































































































































































































































































































































































































































































































































































































































































































































































































































































































































































































































































































































































     