1    	     3.7717843
1.9085001    3.7368511
1.7575932    3.6087494
1.7463634    3.7798132
1.7022937    3.4431381
1.6583758    3.4343402
1.6204473    3.3275955
1.5777773    3.4139447
1.566421     3.5682005
1.5363945    3.3331048
1.4530625    2.9631281
1.443973     3.2647893
1.4428656    3.0714726
1.4311961    2.9947831
1.3648655    3.2155583
1.3686106    3.1251367
1.3698142    3.019903
1.3421014    3.0069894
1.3400946    3.1349406
1.3591364    3.0917297
1.3242641    3.3250316
1.3135589    2.9608503
1.2705888    2.7749489
1.2811578    2.5523764
1.2382045    2.934907
1.2469605    3.0015236
1.2351135    2.9575656
1.1915568    3.0101841
1.1470044    2.7691844
1.1767611    2.8287463
1.1562587    2.9733832
1.1464145    2.4966326
1.1718867    2.6786215
1.1423545    3.0638756
1.1433094    2.7864142
1.1259741    3.015383
1.1261593    2.5862772
1.1245518    2.544947
1.1219963    2.7975725
1.1080327    2.9194061
1.1062742    2.7538652
1.0865988    2.4995806
1.0629983    2.4158964
1.073549     2.560318
1.0909133    2.6700173
1.0538646    2.8064525
1.0821087    2.7186509
1.0606734    2.3331663
1.0823151    2.5894212
1.0824143    2.5124741
1.0663471    2.6014407
1.0844755    2.3149468
1.074291     2.4089093
1.0781977    2.6196448
1.0615559    2.7620164
1.0638558    2.6918619
1.0334988    2.9846481
1.0744746    2.7163534
1.046105     2.64973
1.0444082    2.8071336
1.0319409    2.8066496
1.0158604    2.6670508
1.0492247    2.6848494
1.0275861    2.4292355
1.0239029    2.5426299
1.0188649    2.55911
1.0286918    2.5365569
1.0378588    2.8453842
0.99956098   2.6863845
1.0131224    2.4351236
1.0457731    2.7029201
1.0035739    2.5756562
0.98644058   2.6482436
0.9976534    2.613663
1.011818     2.3526581
1.0228339    2.5096888
1.0112484    2.5579523
1.0021181    2.64756
1.0157397    2.2916198
0.98588453   2.3712149
0.97954329   2.3961546
0.95552262   2.7088336
0.98053989   2.2660437
0.98413772   2.5443695
0.98113031   2.4251693
0.98848009   2.7734263
0.95393291   2.3478861
0.97767907   2.7108937
0.96518185   2.4988245
0.99977591   2.819033
0.96454316   2.8464746
0.9873219    2.4374135
0.94959831   2.6459858
0.94580889   2.6974244
1.0084078    2.5693246
0.98238977   2.4454542
1.0159061    2.5092866
1.0028761    2.5285827
1.0005452    2.3160225
1.0080334    2.713169
0.9891954    2.2736858


