1            0.02808808
1.132593     0.059972201
1.1015291    0.065051808
1.1664328    0.058806888
1.1571426    0.053138473
1.1528545    0.060380918
1.1480694    0.05857949
1.1141753    0.04311818
1.1154343    0.065965469
1.1270175    0.049063111
1.1356098    0.082247174
1.1347809    0.064380273
1.1353902    0.054552219
1.1336704    0.05863122
1.1256903    0.053622049
1.1475133    0.058487331
1.1487717    0.042666744
1.1591438    0.057682319
1.120179     0.056685664
1.1563256    0.056471897
1.1597782    0.051263923
1.157489     0.055441408
1.1273464    0.045361209
1.1332841    0.053808075
1.1223687    0.057342153
1.1134073    0.060887399
1.126741     0.046948888
1.0968223    0.060324844
1.1154771    0.068496523
1.135993     0.065756805
1.1102257    0.065916441
1.084285     0.058867362
1.0988153    0.073957679
1.1699896    0.055358493
1.167452     0.06051693
1.1651623    0.058417296
1.1671037    0.055871574
1.1088534    0.061423692
1.1249314    0.051814597
1.1333377    0.056182702
1.1435683    0.054835331
1.1555297    0.057215212
1.1200035    0.075396465
1.1500577    0.061063963
1.1216027    0.05336357
1.1218864    0.046042851
1.1143196    0.061535212
1.1249775    0.047482641
1.1111072    0.047319906
1.1333199    0.055532673
1.1333199    0.055532673
1.132129     0.05808834
1.1335672    0.055544791
1.1335672    0.055544791
1.1317461    0.057804784
1.1298135    0.055025642
1.1284762    0.055592232
1.1215154    0.06150738
1.1229896    0.058266557
1.1115527    0.064109678
1.1232212    0.055364788
1.0580634    0.059179277
1.0873102    0.056441737
1.1612279    0.057915145
1.1637843    0.057025431
1.1327554    0.064232639
1.160117     0.071100472
1.1789378    0.056991432
1.1791691    0.057779287
1.1791639    0.057718657
1.1729387    0.055152038
1.183258     0.05797964
1.183258     0.05797964
1.1796       0.053973326
1.1808134    0.058549284
1.161914     0.06205223
1.1565981    0.042099531
1.1753635    0.057149482
1.1404843    0.046743723
1.1653954    0.054767125
1.1754712    0.057598091
1.1418814    0.052827703
1.1676264    0.055381439
1.1696548    0.059390234
1.1517938    0.047685363
1.157376     0.058652089
1.165229     0.052766613
1.1591767    0.060983144
1.154752     0.063401107
1.1359833    0.077504906
1.1575064    0.05279184
1.1554908    0.063408443
1.1577733    0.062759549
1.1573399    0.054903269
1.159048     0.055876262
1.1504887    0.057177993
1.1434562    0.064830167
1.1613963    0.064195168
1.1761559    0.057631637
1.1661911    0.066225679
1.1148662    0.057949724


