1      		1.2586115
1.5497179       1.1889843
1.5379243       1.1335896
1.4763883       1.0533278
1.509735        1.2064027
1.4860065       1.2272319
1.4306162       1.1362925
1.439761        1.3008088
1.4488786       1.1657305
1.407621        1.1891483
1.4517254       1.0874046
1.3801573       1.077929
1.405961        1.0084327
1.4039604       1.2197357
1.3855247       1.0870344
1.3872165       0.95191439
1.3810609       1.1485474
1.349733        0.98615018
1.3134649       0.86509221
1.317505        0.94830266
1.329413        0.99118345
1.2676251       0.9069237
1.2849235       0.96248294
1.2611205       0.94935628
1.3057708       1.0267344
1.3056771       0.93000982
1.2841493       0.92661054
1.3070145       0.83504711
1.278521        0.87443001
1.2745995       0.92391615
1.2704068       1.0226315
1.2695701       1.0308315
1.2574853       0.95834396
1.2484787       0.93890643
1.2396016       0.96660802
1.265932        1.0862368
1.2337884       0.99157477
1.2440139       0.89704645
1.2229226       0.87966012
1.2325963       0.96735236
1.2067098       0.8518893
1.2262804       0.97480815
1.218114        0.92463313
1.2107031       0.94557224
1.2121469       0.95845076
1.209883        0.97711971
1.1783985       0.91358742
1.1856081       0.90877449
1.1394027       0.91978909
1.1794449       0.96196352
1.2069549       0.9036596
1.1870701       1.0364288
1.1532237       0.9176908
1.1477445       0.98064235
1.1402936       0.95030255
1.1620792       1.1111536
1.1622752       0.96630919
1.1473428       1.0887228
1.1482294       1.0033199
1.1544297       0.96664417
1.1523615       0.92466236
1.1363246       0.93410063
1.1456289       0.81372399
1.1398658       1.0371516
1.1257062       1.0255687
1.1357817       0.77229303
1.1313376       0.86251614
1.1428237       0.89918283
1.1116859       0.85013391
1.1137044       0.8077234
1.1469679       0.83282689
1.1294898       0.89640178
1.1154634       0.85174183
1.1118433       0.8576942
1.1249172       0.99110849
1.1210649       0.87350072
1.0864056       0.81529759
1.0864671       0.83371077
1.1241374       0.83577379
1.096099        0.88737086
1.0984068       0.96896789
1.0732427       0.81673953
1.0761593       0.99716629
1.0879751       0.89045219
1.068774        0.75539932
1.1015942       0.76252194
1.0912157       0.83804727
1.0956517       0.87723503
1.0755577       0.98633627
1.0885748       1.0271724
1.0700602       1.0003776
1.0656299       0.94306386
1.0935709       0.82606692
1.0741524       0.81291469
1.0871818       0.93010746
1.0907126       0.83787881
1.0801923       0.90675404
1.1034037       0.74505045
1.0910692       0.80119025
1.1118882       0.882126
1.1105591       0.84837694


