1.0                 0.27786731
1.2485719           0.1864181
1.2772548           0.24856986
1.2557769           0.22277207
1.2545911           0.21624503
1.2325405           0.23297894
1.2741602           0.19518087
1.269374            0.19595814
1.2861123           0.19651751
1.2662596           0.22060863
1.2640441           0.22417798
1.2751267           0.25654511
1.2800337           0.19539425
1.2732056           0.23166972
1.2249708           0.25217552
1.2183914           0.20599696
1.245271            0.22673858
1.2705187           0.20196368
1.2594439           0.22764938
1.265581            0.26479611
1.2821295           0.23779631
1.2783817           0.25037934
1.2771585           0.21894371
1.2836541           0.17921246
1.2845185           0.22572931
1.2895948           0.25928596
1.2940372           0.22560889
1.3107092           0.21664376
1.2513636           0.18892814
1.2556586           0.20047504
1.2398241           0.20964879
1.1956255           0.22090282
1.1871145           0.23900105
1.2371494           0.22546691
1.2614342           0.22133181
1.2521479           0.18636057
1.2663757           0.21310346
1.2419533           0.18625992
1.2586703           0.16392918
1.2295775           0.19649396
1.2412552           0.21783672
1.2639549           0.20316741
1.237331            0.25550093
1.2148731           0.22208748
1.2320476           0.20025944
1.2109086           0.21110318
1.2324944           0.21320544
1.2254744           0.23293317
1.2095408           0.25434951
1.2303826           0.19419545
1.247065            0.20579
1.2233629           0.22785359
1.2326998           0.2069566
1.2422995           0.23760809
1.2555928           0.23414613
1.2512804           0.17746467
1.2173243           0.17808381
1.2269089           0.18555995
1.2053717           0.22255414
1.1976315           0.21060219
1.2240607           0.18225145
1.2110288           0.21721022
1.2238222           0.23148195
1.2325355           0.23464663
1.2308505           0.18161086
1.2450729           0.1967857
1.2463035           0.18596989
1.2085645           0.22666133
1.2273278           0.20823453
1.2092096           0.22094756
1.2303141           0.21461001
1.2047474           0.22258512
1.2145655           0.22312765
1.2390519           0.18589813
1.226196            0.20624052
1.2143852           0.20668516
1.2365544           0.20618176
1.2354445           0.21905245
1.1705807           0.22575566
1.1958343           0.22044194
1.2345229           0.2117549
1.2023221           0.23172232
1.1973459           0.19366309
1.2056523           0.21746753
1.2360273           0.17688063
1.2336256           0.19139475
1.247151            0.18500849
1.2452119           0.18828315
1.2563922           0.20693045
1.2488448           0.2188684
1.2515219           0.20916129
1.2344495           0.18088448
1.2200964           0.20965076
1.2275415           0.19524222
1.2373185           0.19186524
1.2597208           0.21429233
1.2475486           0.22191538
1.2308331           0.22271181
1.2486161           0.21756361
1.2605127           0.19514368
1.2222747           0.23074202


