1        	   0.50779837
1.347172           0.40535312
1.3888848          0.40823502
1.3709098          0.46509776
1.3574391          0.42660969
1.3779081          0.45887576
1.3887112          0.46451084
1.3839977          0.35711423
1.3743892          0.49202217
1.4055238          0.52218972
1.3955418          0.41412979
1.3920215          0.4382431
1.4112024          0.43065161
1.4086735          0.40330256
1.4047185          0.46222825
1.4057547          0.43754355
1.3870525          0.36344568
1.3517809          0.45914535
1.3722931          0.42916289
1.3361119          0.47567219
1.3305516          0.39265921
1.3028881          0.4086878
1.3210042          0.39479931
1.2882931          0.38914378
1.3048639          0.42202241
1.3080347          0.44233789
1.2594392          0.42306926
1.2733175          0.42642844
1.2467347          0.38027307
1.2208242          0.39171532
1.2534889          0.40735331
1.2210804          0.33067686
1.2000438          0.33326586
1.203503           0.33837022
1.2116184          0.4175023
1.1830949          0.38814226
1.1882197          0.39680738
1.2195957          0.43613261
1.19721            0.3827795
1.21518            0.39640351
1.2083001          0.33454374
1.1837138          0.39136563
1.1779793          0.41595934
1.1898572          0.35598823
1.2179807          0.4232729
1.2076254          0.34249757
1.1974522          0.38169628
1.2005841          0.39329065
1.2025655          0.34523967
1.1992933          0.33366695
1.183826           0.30391686
1.1971945          0.41796719
1.2010141          0.36540844
1.2026218          0.34787645
1.1993533          0.36553925
1.2053164          0.4300528
1.2055935          0.38209609
1.1959823          0.43253393
1.1844294          0.35314565
1.1722738          0.30823229
1.1500313          0.38335137
1.1841082          0.41241832
1.1756864          0.32673998
1.1834036          0.34832919
1.181705           0.38060969
1.1740908          0.32624082
1.1563408          0.40199126
1.1737844          0.38190369
1.1498662          0.41248105
1.1463076          0.38757905
1.1254237          0.37784827
1.1225319          0.4369411
1.1572008          0.32070725
1.1508877          0.39394357
1.1162221          0.42079194
1.1338177          0.42219709
1.1288557          0.37010819
1.1538167          0.35834593
1.1481822          0.33098125
1.1274564          0.35392285
1.1529459          0.4082211
1.1465378          0.32038906
1.1501753          0.38511737
1.1442118          0.33660078
1.1577476          0.31816524
1.1272168          0.39060254
1.1223433          0.3172129
1.1394226          0.37278464
1.1452325          0.34899608
1.1191451          0.3253586
1.1029722          0.35148225
1.1290252          0.32514912
1.1324424          0.36297892
1.1300448          0.31330956
1.1286959          0.35064133
1.1342319          0.37675054
1.1557845          0.40034478
1.1109178          0.35188063
1.1392754          0.34178717
1.1726334          0.34563663
1.1757147          0.4016241



