1                     2.3156998
1.721047              2.2348849
1.6927296             2.1159348
1.6521428             2.0233361
1.6136808             2.2592943
1.5951671             1.989928
1.5626487             2.095271
1.5369903             2.1294531
1.4964188             2.0563848
1.4484041             1.9913777
1.4634349             1.7594808
1.4559084             1.9811072
1.45542               2.0442311
1.4023659             2.1159946
1.3995981             2.1353749
1.3751881             1.968778
1.3293439             1.8822012
1.3438541             1.7906161
1.3054208             1.8579124
1.2937244             1.8199894
1.3129795             1.8180936
1.302467              1.8498138
1.2692754             1.9011868
1.2300643             1.952384
1.2309439             1.9378839
1.2259594             1.6886774
1.2230196             1.8356939
1.216219              1.557192
1.1662539             1.7538115
1.1942029             1.7338917
1.2027232             1.7600108
1.187634              1.8740657
1.1795215             1.6611195
1.1578173             1.8742779
1.1900976             1.8292797
1.1839985             1.7250969
1.1699188             1.6288043
1.1409119             1.545763
1.1398901             1.6692996
1.1378829             1.6351787
1.1141087             1.53916
1.1116833             1.6487034
1.1152521             1.8217192
1.1037651             1.4497163
1.14518               1.6259978
1.1177598             1.5198372
1.1190427             1.6837659
1.0859622             1.8504432
1.1097869             1.8167784
1.0947651             1.5416828
1.0988669             1.5347168
1.1257243             1.695316
1.0715325             1.9622008
1.0586813             1.569042
1.0680659             1.4369252
1.0701333             1.5029385
1.0808632             1.5681472
1.0719395             1.5071591
1.0387865             1.8923264
1.0517792             1.7344165
1.0321753             1.7078708
1.0653034             1.6551363
1.0583609             1.5946445
1.0470044             1.6546371
1.045648              1.5612262
1.0687056             1.7316785
1.0422223             1.6451699
1.0013155             1.5293342
1.0587395             1.6446445
1.015361              1.6021303
1.0533974             1.4697015
1.0380724             1.4719094
1.0276264             1.4277034
1.0267942             1.6973956
1.0370744             1.3238669
1.0409898             1.36721
1.0454261             1.3934033
1.039293              1.6217988
1.0372597             1.5999555
1.0259825             1.6570857
1.031944              1.7028482
1.0285145             1.4945456
1.0043601             1.5757057
1.0346246             1.5916763
1.0398017             1.6258193
1.043157              1.6511951
1.0244368             1.4313896
1.0434469             1.3981872
1.0363962             1.5367201
1.0213057             1.6186514
1.0189713             1.7092176
1.0541181             1.7263168
1.0296945             1.4412537
1.0272963             1.488405
1.0230595             1.7810019
1.025701              1.3312306
1.0493371             1.7473283
1.0241725             1.5655503
1.0103704             1.4502966
1.0305047             1.4317312
1.0060004             1.6223129


