Ez 	 x 
0.000000 	 0.000000 
-0.006160 	 1.000000 
-0.012984 	 2.000000 
-0.021138 	 3.000000 
-0.031287 	 4.000000 
-0.044087 	 5.000000 
-0.060153 	 6.000000 
-0.080023 	 7.000000 
-0.104103 	 8.000000 
-0.132602 	 9.000000 
-0.165472 	 10.000000 
-0.202341 	 11.000000 
-0.242481 	 12.000000 
-0.284792 	 13.000000 
-0.327825 	 14.000000 
-0.369847 	 15.000000 
-0.408951 	 16.000000 
-0.443191 	 17.000000 
-0.470739 	 18.000000 
-0.490050 	 19.000000 
-0.500000 	 20.000000 
-0.500000 	 21.000000 
-0.490050 	 22.000000 
-0.470740 	 23.000000 
-0.443192 	 24.000000 
-0.408952 	 25.000000 
-0.369849 	 26.000000 
-0.327828 	 27.000000 
-0.284799 	 28.000000 
-0.242494 	 29.000000 
-0.202364 	 30.000000 
-0.165515 	 31.000000 
-0.132682 	 32.000000 
-0.104246 	 33.000000 
-0.080274 	 34.000000 
-0.060585 	 35.000000 
-0.044815 	 36.000000 
-0.032490 	 37.000000 
-0.023086 	 38.000000 
-0.016078 	 39.000000 
-0.010974 	 40.000000 
-0.007342 	 41.000000 
-0.004814 	 42.000000 
-0.003093 	 43.000000 
-0.001948 	 44.000000 
-0.001203 	 45.000000 
-0.000728 	 46.000000 
-0.000432 	 47.000000 
-0.000251 	 48.000000 
-0.000143 	 49.000000 
-0.000080 	 50.000000 
-0.000044 	 51.000000 
0.000044 	 52.000000 
-0.000044 	 53.000000 
0.000044 	 54.000000 
-0.000044 	 55.000000 
0.000044 	 56.000000 
-0.000044 	 57.000000 
0.000044 	 58.000000 
-0.000044 	 59.000000 
0.000044 	 60.000000 
-0.000044 	 61.000000 
0.000044 	 62.000000 
-0.000044 	 63.000000 
0.000044 	 64.000000 
-0.000044 	 65.000000 
0.000044 	 66.000000 
-0.000044 	 67.000000 
0.000044 	 68.000000 
-0.000044 	 69.000000 
0.000044 	 70.000000 
-0.000044 	 71.000000 
0.000044 	 72.000000 
-0.000044 	 73.000000 
0.000044 	 74.000000 
-0.000044 	 75.000000 
0.000044 	 76.000000 
-0.000044 	 77.000000 
0.000044 	 78.000000 
-0.000044 	 79.000000 
0.000044 	 80.000000 
-0.000044 	 81.000000 
0.000044 	 82.000000 
-0.000043 	 83.000000 
0.000044 	 84.000000 
-0.000042 	 85.000000 
0.000047 	 86.000000 
-0.000037 	 87.000000 
0.000056 	 88.000000 
-0.000020 	 89.000000 
0.000087 	 90.000000 
0.000036 	 91.000000 
0.000187 	 92.000000 
0.000207 	 93.000000 
0.000475 	 94.000000 
0.000684 	 95.000000 
0.001246 	 96.000000 
0.001905 	 97.000000 
0.003137 	 98.000000 
0.004770 	 99.000000 
0.007385 	 100.000000 
0.010930 	 101.000000 
0.016121 	 102.000000 
0.023043 	 103.000000 
0.032534 	 104.000000 
0.044771 	 105.000000 
0.060628 	 106.000000 
0.080230 	 107.000000 
0.104289 	 108.000000 
0.132638 	 109.000000 
0.165559 	 110.000000 
0.202321 	 111.000000 
0.242537 	 112.000000 
0.284755 	 113.000000 
0.327871 	 114.000000 
0.369805 	 115.000000 
0.408996 	 116.000000 
0.443148 	 117.000000 
0.470783 	 118.000000 
0.490006 	 119.000000 
0.500044 	 120.000000 
0.499956 	 121.000000 
0.490093 	 122.000000 
0.470696 	 123.000000 
0.443235 	 124.000000 
0.408909 	 125.000000 
0.369892 	 126.000000 
0.327784 	 127.000000 
0.284842 	 128.000000 
0.242450 	 129.000000 
0.202408 	 130.000000 
0.165472 	 131.000000 
0.132726 	 132.000000 
0.104202 	 133.000000 
0.080318 	 134.000000 
0.060541 	 135.000000 
0.044858 	 136.000000 
0.032446 	 137.000000 
0.023130 	 138.000000 
0.016034 	 139.000000 
0.011018 	 140.000000 
0.007298 	 141.000000 
0.004857 	 142.000000 
0.003050 	 143.000000 
0.001992 	 144.000000 
0.001159 	 145.000000 
0.000771 	 146.000000 
0.000388 	 147.000000 
0.000294 	 148.000000 
0.000099 	 149.000000 
0.000123 	 150.000000 
0.000000 	 151.000000 
0.000000 	 152.000000 
0.000000 	 153.000000 
0.000000 	 154.000000 
0.000000 	 155.000000 
0.000000 	 156.000000 
0.000000 	 157.000000 
0.000000 	 158.000000 
0.000000 	 159.000000 
0.000000 	 160.000000 
0.000000 	 161.000000 
0.000000 	 162.000000 
0.000000 	 163.000000 
0.000000 	 164.000000 
0.000000 	 165.000000 
0.000000 	 166.000000 
0.000000 	 167.000000 
0.000000 	 168.000000 
0.000000 	 169.000000 
0.000000 	 170.000000 
0.000000 	 171.000000 
0.000000 	 172.000000 
0.000000 	 173.000000 
0.000000 	 174.000000 
0.000000 	 175.000000 
0.000000 	 176.000000 
0.000000 	 177.000000 
0.000000 	 178.000000 
0.000000 	 179.000000 
0.000000 	 180.000000 
0.000000 	 181.000000 
0.000000 	 182.000000 
0.000000 	 183.000000 
0.000000 	 184.000000 
0.000000 	 185.000000 
0.000000 	 186.000000 
0.000000 	 187.000000 
0.000000 	 188.000000 
0.000000 	 189.000000 
0.000000 	 190.000000 
0.000000 	 191.000000 
0.000000 	 192.000000 
0.000000 	 193.000000 
0.000000 	 194.000000 
0.000000 	 195.000000 
0.000000 	 196.000000 
0.000000 	 197.000000 
0.000000 	 198.000000 
0.000000 	 199.000000 
