Ez 	 x 
0.000000 	 0.000000 
0.000000 	 1.000000 
0.000000 	 2.000000 
-0.000000 	 3.000000 
-0.000000 	 4.000000 
-0.000000 	 5.000000 
0.000000 	 6.000000 
-0.000000 	 7.000000 
0.000000 	 8.000000 
-0.000000 	 9.000000 
0.000000 	 10.000000 
-0.000000 	 11.000000 
0.000000 	 12.000000 
-0.000000 	 13.000000 
-0.000000 	 14.000000 
-0.000000 	 15.000000 
0.000000 	 16.000000 
-0.000000 	 17.000000 
0.000000 	 18.000000 
-0.000000 	 19.000000 
0.000000 	 20.000000 
-0.000000 	 21.000000 
-0.000000 	 22.000000 
-0.000000 	 23.000000 
-0.000000 	 24.000000 
-0.000000 	 25.000000 
-0.000000 	 26.000000 
-0.000000 	 27.000000 
-0.000000 	 28.000000 
-0.000000 	 29.000000 
-0.000000 	 30.000000 
-0.000000 	 31.000000 
-0.000000 	 32.000000 
-0.000000 	 33.000000 
-0.000000 	 34.000000 
-0.000000 	 35.000000 
-0.000000 	 36.000000 
-0.000000 	 37.000000 
-0.000000 	 38.000000 
-0.000000 	 39.000000 
-0.000000 	 40.000000 
-0.000000 	 41.000000 
-0.000000 	 42.000000 
-0.000000 	 43.000000 
-0.000001 	 44.000000 
-0.000002 	 45.000000 
-0.000003 	 46.000000 
-0.000006 	 47.000000 
-0.000012 	 48.000000 
-0.000023 	 49.000000 
-0.000044 	 50.000000 
-0.000080 	 51.000000 
-0.000143 	 52.000000 
-0.000251 	 53.000000 
-0.000432 	 54.000000 
-0.000728 	 55.000000 
-0.001203 	 56.000000 
-0.001948 	 57.000000 
-0.003093 	 58.000000 
-0.004814 	 59.000000 
-0.007342 	 60.000000 
-0.010974 	 61.000000 
-0.016078 	 62.000000 
-0.023086 	 63.000000 
-0.032490 	 64.000000 
-0.044815 	 65.000000 
-0.060585 	 66.000000 
-0.080274 	 67.000000 
-0.104246 	 68.000000 
-0.132682 	 69.000000 
-0.165515 	 70.000000 
-0.202364 	 71.000000 
-0.242494 	 72.000000 
-0.284799 	 73.000000 
-0.327828 	 74.000000 
-0.369849 	 75.000000 
-0.408952 	 76.000000 
-0.443192 	 77.000000 
-0.470740 	 78.000000 
-0.490050 	 79.000000 
-0.500000 	 80.000000 
-0.500000 	 81.000000 
-0.490050 	 82.000000 
-0.470740 	 83.000000 
-0.443192 	 84.000000 
-0.408952 	 85.000000 
-0.369849 	 86.000000 
-0.327828 	 87.000000 
-0.284799 	 88.000000 
-0.242494 	 89.000000 
-0.202364 	 90.000000 
-0.165515 	 91.000000 
-0.132682 	 92.000000 
-0.104246 	 93.000000 
-0.080274 	 94.000000 
-0.060585 	 95.000000 
-0.044815 	 96.000000 
-0.032490 	 97.000000 
-0.023086 	 98.000000 
-0.016078 	 99.000000 
-0.010974 	 100.000000 
-0.007342 	 101.000000 
-0.004814 	 102.000000 
-0.003093 	 103.000000 
-0.001948 	 104.000000 
-0.001203 	 105.000000 
-0.000728 	 106.000000 
-0.000432 	 107.000000 
-0.000251 	 108.000000 
-0.000143 	 109.000000 
-0.000080 	 110.000000 
-0.000044 	 111.000000 
0.000044 	 112.000000 
-0.000044 	 113.000000 
0.000044 	 114.000000 
-0.000044 	 115.000000 
0.000044 	 116.000000 
-0.000044 	 117.000000 
0.000044 	 118.000000 
-0.000044 	 119.000000 
0.000044 	 120.000000 
-0.000044 	 121.000000 
0.000044 	 122.000000 
-0.000044 	 123.000000 
0.000044 	 124.000000 
-0.000044 	 125.000000 
0.000044 	 126.000000 
-0.000044 	 127.000000 
0.000044 	 128.000000 
-0.000044 	 129.000000 
0.000044 	 130.000000 
-0.000044 	 131.000000 
0.000044 	 132.000000 
-0.000044 	 133.000000 
0.000044 	 134.000000 
-0.000044 	 135.000000 
0.000044 	 136.000000 
-0.000044 	 137.000000 
0.000044 	 138.000000 
-0.000044 	 139.000000 
0.000044 	 140.000000 
-0.000044 	 141.000000 
0.000044 	 142.000000 
-0.000043 	 143.000000 
0.000044 	 144.000000 
-0.000042 	 145.000000 
0.000047 	 146.000000 
-0.000037 	 147.000000 
0.000056 	 148.000000 
-0.000020 	 149.000000 
0.000087 	 150.000000 
0.000036 	 151.000000 
0.000187 	 152.000000 
0.000207 	 153.000000 
0.000475 	 154.000000 
0.000684 	 155.000000 
0.001246 	 156.000000 
0.001905 	 157.000000 
0.003137 	 158.000000 
0.004770 	 159.000000 
0.007385 	 160.000000 
0.010930 	 161.000000 
0.016121 	 162.000000 
0.023043 	 163.000000 
0.032534 	 164.000000 
0.044771 	 165.000000 
0.060628 	 166.000000 
0.080230 	 167.000000 
0.104289 	 168.000000 
0.132638 	 169.000000 
0.165559 	 170.000000 
0.202321 	 171.000000 
0.242537 	 172.000000 
0.284755 	 173.000000 
0.327871 	 174.000000 
0.369805 	 175.000000 
0.408996 	 176.000000 
0.443148 	 177.000000 
0.470783 	 178.000000 
0.490006 	 179.000000 
0.500044 	 180.000000 
0.499956 	 181.000000 
0.490093 	 182.000000 
0.470696 	 183.000000 
0.443235 	 184.000000 
0.408909 	 185.000000 
0.369892 	 186.000000 
0.327784 	 187.000000 
0.284842 	 188.000000 
0.242574 	 189.000000 
0.202507 	 190.000000 
0.165766 	 191.000000 
0.133114 	 192.000000 
0.104973 	 193.000000 
0.081477 	 194.000000 
0.062533 	 195.000000 
0.047908 	 196.000000 
0.037304 	 197.000000 
0.030428 	 198.000000 
0.027052 	 199.000000 
