-0.21998547583715866
-0.8851037866537892
0.9255475297703075
-0.9470724676784363
-0.2853640640083017
0.1211068806866884
0.3334030689221632
-0.884865947178854
0.53906753182503
-0.14937606253836822
0.6236288772122711
-0.6933181683372602
0.9230880460548119
-0.6173633580364788
-0.08492499334075809
0.9695961959208814
0.26439623304151394
0.3803147645032128
-0.590061958269096
-0.013522817417521926
-0.711732168765121
-0.9050021486391526
-0.9604176145833228
0.8918648329345373
-0.8283975092577409
-0.6499940093576724
-0.08504525265445806
-0.4882331028322624
0.025747203186325507
-0.8022907498477136
-0.5296757069043603
0.7506736914928283
-0.1400002085620622
0.07673474204793096
-0.4339428158104257
-0.9909784514124431
-0.6560541752464164
0.3248111511544032
0.31481928844855744
-0.8145590070248074
-0.9771172386056934
0.27897308295207823
0.5795999919595132
0.46326036129244286
0.21707020219415818
-0.7155918080378678
0.11514199051099805
0.1896404117285586
-0.023423662035264803
-0.21184598169535285
-0.45032315434279346
-0.21572429835726603
0.4337273379668314
0.9715737147301704
-0.8922223064226389
-0.6963226754840175
-0.7759273226336283
-0.9803175290507782
0.23449462193504966
0.8017782629806636
0.3262395053819718
-0.1436266452165742
-0.52920808910296
-0.9572711144514856
0.9341361299625703
0.5814979135269722
-0.46856607956947127
0.07444406464047382
-0.03162709738292646
0.20979603615295428
